time,Vin,Pw,Force,Fx,Fy,Fz
0.000000,0.000000,0.000000,-0.283068132,0.294031481,-2.589030003,-0.283068132
0.001000,0.000000,0.000000,-0.297422746,0.292893865,-2.426064311,-0.297422746
0.002000,0.000000,0.000000,-0.322539877,0.166235500,-2.220745639,-0.322539877
0.003000,0.000000,0.000000,-0.338217511,0.055493494,-2.041228072,-0.338217511
0.004000,0.000000,0.000000,-0.326792294,0.147163298,-2.072764907,-0.326792294
0.005000,0.000000,0.000000,-0.326128633,-0.118744124,-2.061615627,-0.326128633
0.006000,0.000000,0.000000,-0.335072105,-0.130842681,-2.090590486,-0.335072105
0.007000,0.000000,0.000000,-0.342891708,-0.204252742,-2.053092404,-0.342891708
0.008000,0.000000,0.000000,-0.342891708,-0.204252742,-2.053092404,-0.342891708
0.009000,0.000000,0.000000,-0.338436055,-0.198893461,-2.054472391,-0.338436055
0.010000,0.000000,0.000000,-0.374169709,-0.571203795,-1.707267245,-0.374169709
0.011000,0.000000,0.000000,-0.370792976,-0.589276446,-1.529443423,-0.370792976
0.012000,0.000000,0.000000,-0.380406947,-0.542246167,-1.373965601,-0.380406947
0.013000,0.000000,0.000000,-0.382529605,-0.375462182,-1.426521258,-0.382529605
0.014000,0.000000,0.000000,-0.384385522,-0.229636890,-1.472472576,-0.384385522
0.015000,0.000000,0.000000,-0.357590210,0.009341634,-1.539881925,-0.357590210
0.016000,0.000000,0.000000,-0.343730548,0.043979199,-1.445924215,-0.343730548
0.017000,0.000000,0.000000,-0.344178913,0.137095933,-1.552269139,-0.344178913
0.018000,0.000000,0.000000,-0.338287749,0.092847566,-1.582418513,-0.338287749
0.019000,0.000000,0.000000,-0.322350124,0.255869377,-1.749595336,-0.322350124
0.020000,0.000000,0.000000,-0.325485232,0.322359205,-1.817779822,-0.325485232
0.021000,0.000000,0.000000,-0.321943186,0.380493675,-1.940227845,-0.321943186
0.022000,0.000000,0.000000,-0.318846246,0.431322753,-1.984456743,-0.318846246
0.023000,0.000000,0.000000,-0.322421665,0.350100753,-2.085959526,-0.322421665
0.024000,0.000000,0.000000,-0.333774679,0.287721657,-2.071702438,-0.333774679
0.025000,0.000000,0.000000,-0.322907765,0.350208810,-2.162241604,-0.322907765
0.026000,0.000000,0.000000,-0.313406427,0.404843595,-2.241403283,-0.313406427
0.027000,0.000000,0.000000,-0.311382248,0.389780918,-2.436280918,-0.311382248
0.028000,0.000000,0.000000,-0.309612435,0.376611073,-2.543837655,-0.309612435
0.029000,0.000000,0.000000,-0.295724831,0.056660429,-2.131261548,-0.295724831
0.030000,0.000000,0.000000,-0.295922587,0.085351739,-2.088652589,-0.295922587
0.031000,0.000000,0.000000,-0.296095493,0.110437592,-2.114229884,-0.296095493
0.032000,0.000000,0.000000,-0.296246670,0.258034771,-2.199424894,-0.296246670
0.033000,0.000000,0.000000,-0.296378850,0.324252488,-2.273913983,-0.296378850
0.034000,0.000000,0.000000,-0.296595466,-0.046197675,-2.639418449,-0.296595466
0.035000,0.000000,0.000000,-0.296595466,-0.046197675,-2.639418449,-0.296595466
0.036000,0.000000,0.000000,-0.296761061,-0.078066060,-2.785274050,-0.296761061
0.037000,0.000000,0.000000,-0.296828601,0.156051039,-2.786143163,-0.296828601
0.038000,0.000000,0.000000,-0.296887653,0.172252557,-2.598407500,-0.296887653
0.039000,0.000000,0.000000,-0.303222470,0.249249985,-2.497095250,-0.303222470
0.040000,0.000000,0.000000,-0.312814401,0.556033264,-2.566600755,-0.312814401
0.041000,0.000000,0.000000,-0.329714174,0.396307827,-2.594949165,-0.329714174
0.042000,0.000000,0.000000,-0.331923889,0.193822227,-2.619735208,-0.331923889
0.043000,0.000000,0.000000,-0.327572737,-0.046050136,-2.641406545,-0.327572737
0.044000,0.000000,0.000000,-0.332218871,0.212518944,-2.614089685,-0.332218871
0.045000,0.000000,0.000000,-0.340397021,0.284456348,-2.447974901,-0.340397021
0.046000,0.000000,0.000000,-0.341264290,0.347353832,-2.491230275,-0.341264290
0.047000,0.000000,0.000000,-0.342022574,0.465179238,-2.654713724,-0.342022574
0.048000,0.000000,0.000000,-0.342685569,0.505366413,-2.734821385,-0.342685569
0.049000,0.000000,0.000000,-0.336982065,0.540503519,-2.742030566,-0.336982065
0.050000,0.000000,0.000000,-0.333918346,0.354654489,-2.871612998,-0.333918346
0.051000,0.000000,0.000000,-0.348166119,0.094571348,-2.735968733,-0.348166119
0.052000,0.000000,0.000000,-0.341773909,0.055666778,-2.554538175,-0.341773909
0.053000,0.000000,0.000000,-0.336184967,0.147314807,-2.584402413,-0.336184967
0.054000,0.000000,0.000000,-0.357652166,0.297507620,-2.688280104,-0.357652166
0.055000,0.000000,0.000000,-0.350067904,0.295933179,-2.638505982,-0.350067904
0.056000,0.000000,0.000000,-0.349719893,0.106061029,-2.720650368,-0.349719893
0.057000,0.000000,0.000000,-0.361981985,-0.122782936,-2.792472185,-0.361981985
0.058000,0.000000,0.000000,-0.366419992,-0.385701373,-2.792436754,-0.366419992
0.059000,0.000000,0.000000,-0.367409814,-0.274772546,-2.611778813,-0.367409814
0.060000,0.000000,0.000000,-0.357179263,-0.033058631,-2.528608499,-0.357179263
0.061000,0.000000,0.000000,-0.374787169,-0.055924745,-2.373235597,-0.374787169
0.062000,0.000000,0.000000,-0.383899215,-0.201581124,-2.425882989,-0.383899215
0.063000,0.000000,0.000000,-0.379299836,-0.328933782,-2.283418955,-0.379299836
0.064000,0.000000,0.000000,-0.353702386,-0.184335283,-2.175612568,-0.353702386
0.065000,0.000000,0.000000,-0.352897653,0.000304147,-2.253094002,-0.352897653
0.066000,0.000000,0.000000,-0.345910860,-0.026754457,-2.383670685,-0.345910860
0.067000,0.000000,0.000000,-0.339802054,-0.238908335,-2.372174912,-0.339802054
0.068000,0.000000,0.000000,-0.353344545,-0.288218266,-2.117799591,-0.353344545
0.069000,0.000000,0.000000,-0.352584779,-0.404683780,-2.076882312,-0.352584779
0.070000,0.000000,0.000000,-0.345637304,-0.318018247,-1.978274997,-0.345637304
0.071000,0.000000,0.000000,-0.339562873,-0.116579720,-1.829227190,-0.339562873
0.072000,0.000000,0.000000,-0.346818149,-0.128950264,-1.824572988,-0.346818149
0.073000,0.000000,0.000000,-0.346878515,-0.265429986,-1.820503651,-0.346878515
0.074000,0.000000,0.000000,-0.340694257,-0.127893236,-1.813834820,-0.340694257
0.075000,0.000000,0.000000,-0.335240988,-0.138842082,-1.622619321,-0.335240988
0.076000,0.000000,0.000000,-0.304975737,-0.062489186,-1.671930530,-0.304975737
0.077000,0.000000,0.000000,-0.322860546,-0.081656947,-1.624210957,-0.322860546
0.078000,0.000000,0.000000,-0.325931513,-0.035584163,-1.519656149,-0.325931513
0.079000,0.000000,0.000000,-0.328616570,0.004698944,-1.491071938,-0.328616570
0.080000,0.000000,0.000000,-0.330964214,0.039919927,-1.591743432,-0.330964214
0.081000,0.000000,0.000000,-0.347377903,0.278239958,-1.505396489,-0.347377903
0.082000,0.000000,0.000000,-0.359934299,0.279086763,-1.478604200,-0.359934299
0.083000,0.000000,0.000000,-0.364629626,0.091331596,-1.580842436,-0.364629626
0.084000,0.000000,0.000000,-0.356168550,-0.198493267,-1.418905624,-0.356168550
0.085000,0.000000,0.000000,-0.336204354,-0.451897663,-1.151654686,-0.336204354
0.086000,0.000000,0.000000,-0.325032117,-0.673458324,-1.169314903,-0.325032117
0.087000,0.000000,0.000000,-0.301229437,-0.801015945,-1.253192641,-0.301229437
0.088000,0.000000,0.000000,-0.288169093,-0.790209549,-1.132429517,-0.288169093
0.089000,0.000000,0.000000,-0.295599517,-0.717929272,-1.152505640,-0.295599517
0.090000,0.000000,0.000000,-0.308379391,-0.591900150,-1.295722630,-0.308379391
0.091000,0.000000,0.000000,-0.304979879,-0.558067784,-1.294890622,-0.304979879
0.092000,0.000000,0.000000,-0.322864167,-0.640623008,-1.420214987,-0.322864167
0.093000,0.000000,0.000000,-0.325934679,-0.775635890,-1.592622481,-0.325934679
0.094000,0.000000,0.000000,-0.322336154,-0.705186993,-1.554869051,-0.322336154
0.095000,0.000000,0.000000,-0.331756203,-0.643590965,-1.333364298,-0.331756203
0.096000,0.000000,0.000000,-0.333709308,-0.652567176,-1.265358359,-0.333709308
0.097000,0.000000,0.000000,-0.312566886,-0.706422195,-1.389446254,-0.312566886
0.098000,0.000000,0.000000,-0.298081836,-0.519007241,-1.377224702,-0.298081836
0.099000,0.000000,0.000000,-0.280626918,-0.447407614,-1.310155533,-0.280626918
0.100000,0.000000,0.000000,-0.272776880,-0.345631794,-1.368755910,-0.272776880
0.101000,0.000000,0.000000,-0.269575175,-0.517714364,-1.421966236,-0.269575175
0.102000,0.000000,0.000000,-0.275315455,-0.517146793,-1.328567456,-0.275315455
0.103000,0.000000,0.000000,-0.271794743,-0.542012447,-1.198332453,-0.271794743
0.104000,0.000000,0.000000,-0.281282828,-0.563753391,-1.147295116,-0.281282828
0.105000,0.000000,0.000000,-0.278771916,-0.371742093,-1.244254991,-0.278771916
0.106000,0.000000,0.000000,-0.278771916,-0.371742093,-1.244254991,-0.278771916
0.107000,0.000000,0.000000,-0.283135600,-0.633196615,-1.310481638,-0.283135600
0.108000,0.000000,0.000000,-0.284915366,-0.643479018,-1.245351218,-0.284915366
0.109000,0.000000,0.000000,-0.286471479,-0.526805590,-1.251237182,-0.286471479
0.110000,0.000000,0.000000,-0.282738453,-0.398433001,-1.441482977,-0.282738453
0.111000,0.000000,0.000000,-0.282738453,-0.398433001,-1.441482977,-0.282738453
0.112000,0.000000,0.000000,-0.286957443,-0.064760739,-1.704687052,-0.286957443
0.113000,0.000000,0.000000,-0.294540127,0.042020658,-1.778514879,-0.294540127
0.114000,0.000000,0.000000,-0.294886757,0.135383509,-1.654569668,-0.294886757
0.115000,0.000000,0.000000,-0.295454815,0.280490889,-1.325784520,-0.295454815
0.116000,0.000000,0.000000,-0.295454815,0.280490889,-1.325784520,-0.295454815
0.117000,0.000000,0.000000,-0.296678643,0.524979640,-1.317871854,-0.296678643
0.118000,0.000000,0.000000,-0.296756540,0.746147634,-1.251812753,-0.296756540
0.119000,0.000000,0.000000,-0.296824647,0.688195427,-1.319718589,-0.296824647
0.120000,0.000000,0.000000,-0.291442645,0.812968013,-1.132634793,-0.291442645
0.121000,0.000000,0.000000,-0.291442645,0.812968013,-1.132634793,-0.291442645
0.122000,0.000000,0.000000,-0.298315533,0.743543648,-1.429438946,-0.298315533
0.123000,0.000000,0.000000,-0.298187732,0.748750520,-1.663519176,-0.298187732
0.124000,0.000000,0.000000,-0.298187732,0.748750520,-1.663519176,-0.298187732
0.125000,0.000000,0.000000,-0.319276209,0.834134333,-1.989755412,-0.319276209
0.126000,0.000000,0.000000,-0.319276209,0.834134333,-1.989755412,-0.319276209
0.127000,0.000000,0.000000,-0.336863708,0.587020346,-2.060989713,-0.336863708
0.128000,0.000000,0.000000,-0.325608615,0.549064663,-2.090043227,-0.325608615
0.129000,0.000000,0.000000,-0.315767878,0.453046779,-2.052613916,-0.315767878
0.130000,0.000000,0.000000,-0.311417680,0.476292522,-2.054106604,-0.311417680
0.131000,0.000000,0.000000,-0.311417680,0.476292522,-2.054106604,-0.311417680
0.132000,0.000000,0.000000,-0.308092109,0.454918253,-2.165120049,-0.308092109
0.133000,0.000000,0.000000,-0.313018933,0.747722274,-2.181088159,-0.313018933
0.134000,0.000000,0.000000,-0.329893004,0.752404044,-2.257881510,-0.329893004
0.135000,0.000000,0.000000,-0.308859890,0.940676406,-2.211026281,-0.308859890
0.136000,0.000000,0.000000,-0.308859890,0.940676406,-2.211026281,-0.308859890
0.137000,0.000000,0.000000,-0.288866352,0.723404090,-2.292975170,-0.288866352
0.138000,0.000000,0.000000,-0.277359599,0.605478067,-2.230044679,-0.277359599
0.139000,0.000000,0.000000,-0.279865199,0.628034772,-2.237854119,-0.279865199
0.140000,0.000000,0.000000,-0.271405004,0.374528490,-2.250652232,-0.271405004
0.141000,0.000000,0.000000,-0.271405004,0.374528490,-2.250652232,-0.271405004
0.142000,0.000000,0.000000,-0.265727059,0.479099974,-2.009108516,-0.265727059
0.143000,0.000000,0.000000,-0.269694446,0.580369671,-2.044681613,-0.269694446
0.144000,0.000000,0.000000,-0.273163277,0.606081590,-2.075784463,-0.273163277
0.145000,0.000000,0.000000,-0.261577578,0.765986311,-2.063923969,-0.261577578
0.146000,0.000000,0.000000,-0.261577578,0.765986311,-2.063923969,-0.261577578
0.147000,0.000000,0.000000,-0.269991149,0.644795978,-1.937089026,-0.269991149
0.148000,0.000000,0.000000,-0.273422694,0.536748142,-2.044544212,-0.273422694
0.149000,0.000000,0.000000,-0.273422694,0.536748142,-2.044544212,-0.273422694
0.150000,0.000000,0.000000,-0.276536685,0.578924717,-2.372738700,-0.276536685
0.151000,0.000000,0.000000,-0.276536685,0.578924717,-2.372738700,-0.276536685
0.152000,0.000000,0.000000,-0.293993217,0.509689816,-2.243894293,-0.293993217
0.153000,0.000000,0.000000,-0.294408574,0.481451774,-2.249963339,-0.294408574
0.154000,0.000000,0.000000,-0.294771736,0.331098523,-2.066774168,-0.294771736
0.155000,0.000000,0.000000,-0.319710058,0.139635747,-2.064931606,-0.319710058
0.156000,0.000000,0.000000,-0.319710058,0.139635747,-2.064931606,-0.319710058
0.157000,0.000000,0.000000,-0.330912185,-0.053771129,-2.000691181,-0.330912185
0.158000,0.000000,0.000000,-0.320404982,-0.199698140,-1.974490179,-0.320404982
0.159000,0.000000,0.000000,-0.311218154,-0.327287421,-1.825917986,-0.311218154
0.160000,0.000000,0.000000,-0.308729147,0.044563662,-1.825869567,-0.308729147
0.161000,0.000000,0.000000,-0.308729147,0.044563662,-1.825869567,-0.308729147
0.162000,0.000000,0.000000,-0.293470453,0.164021904,-1.935704892,-0.293470453
0.163000,0.000000,0.000000,-0.281385132,0.179221773,-1.917670308,-0.281385132
0.164000,0.000000,0.000000,-0.270818497,0.192511570,-1.901902016,-0.270818497
0.165000,0.000000,0.000000,-0.259785078,-0.154804542,-1.876060936,-0.259785078
0.166000,0.000000,0.000000,-0.259785078,-0.154804542,-1.876060936,-0.259785078
0.167000,0.000000,0.000000,-0.239573626,-0.286755801,-1.856306362,-0.239573626
0.168000,0.000000,0.000000,-0.227977994,-0.277741388,-1.659753732,-0.227977994
0.169000,0.000000,0.000000,-0.217839513,-0.144196053,-1.613564340,-0.217839513
0.170000,0.000000,0.000000,-0.230271789,-0.278645993,-1.357269278,-0.230271789
0.171000,0.000000,0.000000,-0.230271789,-0.278645993,-1.357269278,-0.230271789
0.172000,0.000000,0.000000,-0.240565384,-0.192932567,-1.514645009,-0.240565384
0.173000,0.000000,0.000000,-0.247694680,0.055619083,-1.675186076,-0.247694680
0.174000,0.000000,0.000000,-0.247563314,0.464268650,-1.707081337,-0.247563314
0.175000,0.000000,0.000000,-0.247530040,0.378906548,-1.717776436,-0.247530040
0.176000,0.000000,0.000000,-0.241217761,0.178607657,-1.664295696,-0.241217761
0.177000,0.000000,0.000000,-0.235698707,0.066310920,-1.680367397,-0.235698707
0.178000,0.000000,0.000000,-0.230873198,0.030957660,-1.882915028,-0.230873198
0.179000,0.000000,0.000000,-0.229248337,-0.152642976,-1.979314091,-0.229248337
0.180000,0.000000,0.000000,-0.237799776,-0.160481678,-1.830135707,-0.237799776
0.181000,0.000000,0.000000,-0.232710238,-0.292999045,-1.825367338,-0.232710238
0.182000,0.000000,0.000000,-0.228260271,-0.283200083,-1.946861886,-0.228260271
0.183000,0.000000,0.000000,-0.224369503,-0.274632495,-2.178752685,-0.224369503
0.184000,0.000000,0.000000,-0.224276497,-0.205655759,-2.558775383,-0.224276497
0.185000,0.000000,0.000000,-0.233452715,-0.332496384,-2.525275305,-0.233452715
0.186000,0.000000,0.000000,-0.235192631,-0.506229599,-2.433153118,-0.235192631
0.187000,0.000000,0.000000,-0.236713902,-0.406803442,-2.352607346,-0.236713902
0.188000,0.000000,0.000000,-0.244327190,-0.257039691,-2.533510666,-0.244327190
0.189000,0.000000,0.000000,-0.220683874,-0.364910887,-2.351007299,-0.220683874
0.190000,0.000000,0.000000,-0.217745184,-0.283243363,-2.280784275,-0.217745184
0.191000,0.000000,0.000000,-0.215175781,-0.337502189,-2.282217590,-0.215175781
0.192000,0.000000,0.000000,-0.219212444,-0.573438209,-2.157807083,-0.219212444
0.193000,0.000000,0.000000,-0.222741844,-0.591230075,-1.986198608,-0.222741844
0.194000,0.000000,0.000000,-0.199478606,-0.314123808,-2.058270665,-0.199478606
0.195000,0.000000,0.000000,-0.217025106,-0.353613467,-2.168303324,-0.217025106
0.196000,0.000000,0.000000,-0.233395746,-0.273365619,-2.183871412,-0.233395746
0.197000,0.000000,0.000000,-0.241426006,-0.077538307,-2.134651303,-0.241426006
0.198000,0.000000,0.000000,-0.242019627,-0.007943871,-2.179653082,-0.242019627
0.199000,0.000000,0.000000,-0.237769381,-0.182381795,-2.151223468,-0.237769381
0.200000,0.000000,0.000000,-0.232683663,-0.123651553,-2.106106020,-0.232683663
0.201000,0.000000,0.000000,-0.240803406,-0.009469718,-2.066658199,-0.240803406
0.202000,0.000000,0.000000,-0.241543672,-0.002948374,-2.371106534,-0.241543672
0.203000,0.000000,0.000000,-0.241543672,-0.002948374,-2.371106534,-0.241543672
0.204000,0.000000,0.000000,-0.255465517,0.135596348,-2.823590991,-0.255465517
0.205000,0.000000,0.000000,-0.254439223,0.280031984,-2.819645055,-0.254439223
0.206000,0.000000,0.000000,-0.259825081,0.343485449,-2.816194980,-0.259825081
0.207000,0.000000,0.000000,-0.250591440,0.565241027,-2.504277414,-0.250591440
0.208000,0.000000,0.000000,-0.250591440,0.565241027,-2.504277414,-0.250591440
0.209000,0.000000,0.000000,-0.238039037,0.436397275,-2.383595701,-0.238039037
0.210000,0.000000,0.000000,-0.245485804,0.480201298,-2.183613792,-0.245485804
0.211000,0.000000,0.000000,-0.258279968,0.392837040,-2.134426056,-0.258279968
0.212000,0.000000,0.000000,-0.273753429,0.602968539,-2.399225568,-0.273753429
0.213000,0.000000,0.000000,-0.273753429,0.602968539,-2.399225568,-0.273753429
0.214000,0.000000,0.000000,-0.285582333,0.166870700,-2.546719080,-0.285582333
0.215000,0.000000,0.000000,-0.287054633,0.118880725,-2.577565895,-0.287054633
0.216000,0.000000,0.000000,-0.288341918,0.202585055,-2.478872678,-0.288341918
0.217000,0.000000,0.000000,-0.261404300,0.269032196,-2.136534334,-0.261404300
0.218000,0.000000,0.000000,-0.261404300,0.269032196,-2.136534334,-0.261404300
0.219000,0.000000,0.000000,-0.252588264,0.759651611,-2.126156423,-0.252588264
0.220000,0.000000,0.000000,-0.245640351,0.762834296,-2.147020846,-0.245640351
0.221000,0.000000,0.000000,-0.258415093,0.639953328,-2.102431516,-0.258415093
0.222000,0.000000,0.000000,-0.266783974,0.281663141,-2.100086047,-0.266783974
0.223000,0.000000,0.000000,-0.262194448,0.408107762,-2.145333507,-0.262194448
0.224000,0.000000,0.000000,-0.266605757,0.455466750,-2.163788067,-0.266605757
0.225000,0.000000,0.000000,-0.270462723,0.434042580,-2.179923559,-0.270462723
0.226000,0.000000,0.000000,-0.265006719,0.351892158,-2.379070599,-0.265006719
0.227000,0.000000,0.000000,-0.269064627,0.343483555,-2.368152890,-0.269064627
0.228000,0.000000,0.000000,-0.260046233,0.273299755,-2.421438994,-0.260046233
0.229000,0.000000,0.000000,-0.264727494,0.274767364,-2.593692674,-0.264727494
0.230000,0.000000,0.000000,-0.262537305,0.276050548,-2.555804760,-0.262537305
0.231000,0.000000,0.000000,-0.270724825,0.105449238,-2.501609720,-0.270724825
0.232000,0.000000,0.000000,-0.280347359,0.190841419,-2.538125144,-0.280347359
0.233000,0.000000,0.000000,-0.282477506,0.202671048,-2.507220051,-0.282477506
0.234000,0.000000,0.000000,-0.284339970,0.024518563,-2.480198607,-0.284339970
0.235000,0.000000,0.000000,-0.279685204,-0.131246620,-2.456572778,-0.279685204
0.236000,0.000000,0.000000,-0.290116961,-0.394410325,-2.362918593,-0.290116961
0.237000,0.000000,0.000000,-0.278453052,-0.309035792,-2.354030605,-0.278453052
0.238000,0.000000,0.000000,-0.268254873,-0.108726033,-2.283427661,-0.268254873
0.239000,0.000000,0.000000,-0.278187791,0.003580205,-2.158865092,-0.278187791
0.240000,0.000000,0.000000,-0.280589317,0.101773626,-2.175619223,-0.280589317
0.241000,0.000000,0.000000,-0.261760901,-0.035674870,-2.077412191,-0.261760901
0.242000,0.000000,0.000000,-0.253660320,-0.121044071,-2.041570142,-0.253660320
0.243000,0.000000,0.000000,-0.246577688,-0.070021755,-2.135895845,-0.246577688
0.244000,0.000000,0.000000,-0.246668271,-0.025411092,-2.281200083,-0.246668271
0.245000,0.000000,0.000000,-0.240464285,0.076425483,-2.282581145,-0.240464285
0.246000,0.000000,0.000000,-0.200460403,0.054819727,-2.120035923,-0.200460403
0.247000,0.000000,0.000000,-0.200460403,0.054819727,-2.120035923,-0.200460403
0.248000,0.000000,0.000000,-0.182445247,-0.181441773,-2.034920761,-0.182445247
0.249000,0.000000,0.000000,-0.184311765,-0.185661511,-2.004418343,-0.184311765
0.250000,0.000000,0.000000,-0.192226914,-0.063687275,-1.789253413,-0.192226914
0.251000,0.000000,0.000000,-0.205198263,0.073372281,-1.915608846,-0.205198263
0.252000,0.000000,0.000000,-0.210488738,0.162795370,-1.962931458,-0.210488738
0.253000,0.000000,0.000000,-0.196264836,0.115317517,-2.067139189,-0.196264836
0.254000,0.000000,0.000000,-0.177545177,-0.114689652,-2.095419937,-0.177545177
0.255000,0.000000,0.000000,-0.180027456,-0.315793268,-1.994483115,-0.180027456
0.256000,0.000000,0.000000,-0.190378600,-0.574634388,-2.009667702,-0.190378600
0.257000,0.000000,0.000000,-0.203814554,-0.529444085,-1.919506824,-0.203814554
0.258000,0.000000,0.000000,-0.190429355,-0.552764415,-1.777844043,-0.190429355
0.259000,0.000000,0.000000,-0.191292560,-0.761649786,-1.905310544,-0.191292560
0.260000,0.000000,0.000000,-0.198330477,-0.881453994,-2.016759132,-0.198330477
0.261000,0.000000,0.000000,-0.203581032,-0.653757556,-2.144464937,-0.203581032
0.262000,0.000000,0.000000,-0.196508363,-0.535792489,-2.351524204,-0.196508363
0.263000,0.000000,0.000000,-0.190324472,-0.621146909,-2.532563636,-0.190324472
0.264000,0.000000,0.000000,-0.197484043,-0.695775376,-2.439525570,-0.197484043
0.265000,0.000000,0.000000,-0.197460730,-0.761025753,-2.358179012,-0.197460730
0.266000,0.000000,0.000000,-0.209199327,-0.813021918,-2.460404298,-0.209199327
0.267000,0.000000,0.000000,-0.213987013,-0.863538661,-2.564929601,-0.213987013
0.268000,0.000000,0.000000,-0.211889875,-0.782043576,-2.530656161,-0.211889875
0.269000,0.000000,0.000000,-0.216339457,-0.585125759,-2.626353355,-0.216339457
0.270000,0.000000,0.000000,-0.220229888,-0.601448925,-2.772856737,-0.220229888
0.271000,0.000000,0.000000,-0.215618294,-0.738071671,-2.950114664,-0.215618294
0.272000,0.000000,0.000000,-0.225882534,-0.672343233,-3.055933001,-0.225882534
0.273000,0.000000,0.000000,-0.225882534,-0.672343233,-3.055933001,-0.225882534
0.274000,0.000000,0.000000,-0.230137203,-0.792267814,-3.182307631,-0.230137203
0.275000,0.000000,0.000000,-0.219727388,-0.782560741,-3.133284033,-0.219727388
0.276000,0.000000,0.000000,-0.232504569,-0.593948595,-3.178607854,-0.232504569
0.277000,0.000000,0.000000,-0.240646818,-0.671994903,-3.255712889,-0.240646818
0.278000,0.000000,0.000000,-0.228916325,-0.803065476,-3.134633061,-0.228916325
0.279000,0.000000,0.000000,-0.231226300,-0.854833382,-3.154432279,-0.231226300
0.280000,0.000000,0.000000,-0.239529181,-0.900095941,-3.234575307,-0.239529181
0.281000,0.000000,0.000000,-0.234286387,-0.801568041,-3.130377675,-0.234286387
0.282000,0.000000,0.000000,-0.204505614,-0.853524120,-3.150711641,-0.204505614
0.283000,0.000000,0.000000,-0.178467203,-0.773287500,-3.105658512,-0.178467203
0.284000,0.000000,0.000000,-0.161984061,-0.703133710,-3.254762485,-0.161984061
0.285000,0.000000,0.000000,-0.172704992,-0.704627559,-3.385129500,-0.172704992
0.286000,0.000000,0.000000,-0.184780841,-0.589307656,-3.598774998,-0.184780841
0.287000,0.000000,0.000000,-0.192637044,-0.605105309,-3.560248420,-0.192637044
0.288000,0.000000,0.000000,-0.193222823,-0.493254064,-3.463731381,-0.193222823
0.289000,0.000000,0.000000,-0.187451806,-0.395458460,-3.379343031,-0.187451806
0.290000,0.000000,0.000000,-0.182405995,-0.498447774,-3.242727381,-0.182405995
0.291000,0.000000,0.000000,-0.180420106,-0.423794959,-3.081673473,-0.180420106
0.292000,0.000000,0.000000,-0.188824295,-0.397559698,-3.045295936,-0.188824295
0.293000,0.000000,0.000000,-0.196172384,-0.500284962,-3.139153441,-0.196172384
0.294000,0.000000,0.000000,-0.202597084,-0.652933243,-3.346880170,-0.202597084
0.295000,0.000000,0.000000,-0.214497618,-0.535071762,-3.277175777,-0.214497618
0.296000,0.000000,0.000000,-0.215150660,-0.577456384,-3.108008030,-0.215150660
0.297000,0.000000,0.000000,-0.206624109,-0.406247752,-3.068321195,-0.206624109
0.298000,0.000000,0.000000,-0.205452221,-0.382217537,-3.159285260,-0.205452221
0.299000,0.000000,0.000000,-0.198144412,-0.424038902,-3.238818445,-0.198144412
0.300000,0.000000,0.000000,-0.204321300,-0.334941132,-3.308357194,-0.204321300
0.301000,0.000000,0.000000,-0.202667183,-0.361631878,-3.367381145,-0.202667183
0.302000,0.000000,0.000000,-0.214558908,-0.406040113,-3.295100523,-0.214558908
0.303000,0.000000,0.000000,-0.224956275,-0.382035991,-3.231902951,-0.224956275
0.304000,0.000000,0.000000,-0.227763884,-0.612375728,-3.176647021,-0.227763884
0.305000,0.000000,0.000000,-0.230218680,-0.750938268,-3.191166609,-0.230218680
0.306000,0.000000,0.000000,-0.198911192,-0.632606207,-3.034361438,-0.198911192
0.307000,0.000000,0.000000,-0.204991723,-0.768626509,-3.003929306,-0.204991723
0.308000,0.000000,0.000000,-0.210308152,-0.636226584,-3.291480655,-0.210308152
0.309000,0.000000,0.000000,-0.214956500,-0.520464524,-3.354401676,-0.214956500
0.310000,0.000000,0.000000,-0.225303904,-0.544913260,-3.220920249,-0.225303904
0.311000,0.000000,0.000000,-0.260321219,-0.514252317,-2.892298514,-0.260321219
0.312000,0.000000,0.000000,-0.264967924,-0.413817996,-2.879718536,-0.264967924
0.313000,0.000000,0.000000,-0.262747522,-0.451668330,-2.994383111,-0.262747522
0.314000,0.000000,0.000000,-0.248239773,-0.359098544,-3.220302217,-0.248239773
0.315000,0.000000,0.000000,-0.254404677,-0.403825127,-3.354999637,-0.254404677
0.316000,0.000000,0.000000,-0.270001341,-0.359355039,-3.340205758,-0.270001341
0.317000,0.000000,0.000000,-0.273431606,-0.404049390,-3.585499361,-0.273431606
0.318000,0.000000,0.000000,-0.270147626,-0.631622842,-3.674304755,-0.270147626
0.319000,0.000000,0.000000,-0.273559509,-0.642103011,-3.563454975,-0.273559509
0.320000,0.000000,0.000000,-0.276542641,-0.399938792,-3.466534988,-0.276542641
0.321000,0.000000,0.000000,-0.282220968,-0.419215929,-3.488302367,-0.282220968
0.322000,0.000000,0.000000,-0.284115670,-0.456387939,-3.400826336,-0.284115670
0.323000,0.000000,0.000000,-0.279489091,-0.551720629,-3.450006573,-0.279489091
0.324000,0.000000,0.000000,-0.281727090,-0.572241606,-3.555838493,-0.281727090
0.325000,0.000000,0.000000,-0.245277007,-0.516618726,-3.207538473,-0.245277007
0.326000,0.000000,0.000000,-0.232964668,-0.604382592,-3.029680567,-0.232964668
0.327000,0.000000,0.000000,-0.241049099,-0.555454019,-2.999836651,-0.241049099
0.328000,0.000000,0.000000,-0.241834425,-0.449842139,-2.973743032,-0.241834425
0.329000,0.000000,0.000000,-0.236237878,-0.294669986,-2.888096581,-0.236237878
0.330000,0.000000,0.000000,-0.240422196,-0.338741722,-2.865507179,-0.240422196
0.331000,0.000000,0.000000,-0.241286300,-0.386026418,-2.793462046,-0.241286300
0.332000,0.000000,0.000000,-0.235758633,-0.301705438,-2.730470372,-0.235758633
0.333000,0.000000,0.000000,-0.243491964,-0.102316839,-2.801058171,-0.243491964
0.334000,0.000000,0.000000,-0.231403940,0.072015849,-2.862775646,-0.231403940
0.335000,0.000000,0.000000,-0.236726824,0.357712303,-2.720486530,-0.236726824
0.336000,0.000000,0.000000,-0.244338488,0.411404172,-2.603833377,-0.244338488
0.337000,0.000000,0.000000,-0.238427272,0.332685215,-2.564671144,-0.238427272
0.338000,0.000000,0.000000,-0.239542066,0.012530962,-2.656093889,-0.239542066
0.339000,0.000000,0.000000,-0.234233586,0.172431451,-2.673196260,-0.234233586
0.340000,0.000000,0.000000,-0.236521281,0.081172343,-2.999591527,-0.236521281
0.341000,0.000000,0.000000,-0.237875590,-0.018880311,-3.099192418,-0.237875590
0.342000,0.000000,0.000000,-0.237875590,-0.018880311,-3.099192418,-0.237875590
0.343000,0.000000,0.000000,-0.237875590,-0.018880311,-3.099192418,-0.237875590
0.344000,0.000000,0.000000,-0.257365449,-0.182846626,-3.199586529,-0.257365449
0.345000,0.000000,0.000000,-0.265804045,-0.068844315,-3.135220875,-0.265804045
0.346000,0.000000,0.000000,-0.269761758,-0.087213467,-3.092114373,-0.269761758
0.347000,0.000000,0.000000,-0.273222130,-0.228937989,-3.180088500,-0.273222130
0.348000,0.000000,0.000000,-0.276247659,-0.290021030,-3.131343766,-0.276247659
0.349000,0.000000,0.000000,-0.278892988,-0.280596296,-3.025892622,-0.278892988
0.350000,0.000000,0.000000,-0.265168168,-0.155278701,-2.970847285,-0.265168168
0.351000,0.000000,0.000000,-0.269205787,-0.288449893,-2.948396578,-0.269205787
0.352000,0.000000,0.000000,-0.266452839,-0.279222594,-3.054430815,-0.266452839
0.353000,0.000000,0.000000,-0.257762652,-0.333986685,-3.021476692,-0.257762652
0.354000,0.000000,0.000000,-0.256447691,-0.319037064,-2.929831852,-0.256447691
0.355000,0.000000,0.000000,-0.229949559,-0.184665282,-2.795435633,-0.229949559
0.356000,0.000000,0.000000,-0.232129694,-0.125648089,-2.795027804,-0.232129694
0.357000,0.000000,0.000000,-0.240319051,-0.136879068,-2.920334930,-0.240319051
0.358000,0.000000,0.000000,-0.247479303,-0.209530574,-2.841399939,-0.247479303
0.359000,0.000000,0.000000,-0.253739771,-0.210220569,-2.960879771,-0.253739771
0.360000,0.000000,0.000000,-0.241235391,-0.038647141,-2.913251620,-0.241235391
0.361000,0.000000,0.000000,-0.241997307,-0.186474688,-2.835206744,-0.241997307
0.362000,0.000000,0.000000,-0.242663477,-0.252893824,-2.766969277,-0.242663477
0.363000,0.000000,0.000000,-0.249529120,-0.373798339,-2.707306782,-0.249529120
0.364000,0.000000,0.000000,-0.255532000,-0.605173250,-2.780805404,-0.255532000
0.365000,0.000000,0.000000,-0.248099102,-0.442550885,-2.767695574,-0.248099102
0.366000,0.000000,0.000000,-0.247998499,-0.288294978,-2.707941810,-0.247998499
0.367000,0.000000,0.000000,-0.254193723,-0.341919000,-2.530033220,-0.254193723
0.368000,0.000000,0.000000,-0.253327246,-0.451636281,-2.437313135,-0.253327246
0.369000,0.000000,0.000000,-0.240003284,-0.673229788,-2.544740159,-0.240003284
0.370000,0.000000,0.000000,-0.223661588,-0.557409508,-2.485255548,-0.223661588
0.371000,0.000000,0.000000,-0.226631893,-0.702879306,-2.460994245,-0.226631893
0.372000,0.000000,0.000000,-0.235512124,-0.767236978,-2.439781707,-0.235512124
0.373000,0.000000,0.000000,-0.236993247,-0.760675372,-2.421234815,-0.236993247
0.374000,0.000000,0.000000,-0.219438690,-0.754938322,-2.467850447,-0.219438690
0.375000,0.000000,0.000000,-0.219438690,-0.754938322,-2.467850447,-0.219438690
0.376000,0.000000,0.000000,-0.234960236,-0.561101932,-2.211559241,-0.234960236
0.377000,0.000000,0.000000,-0.230227525,-0.643275874,-2.284523483,-0.230227525
0.378000,0.000000,0.000000,-0.213523174,-0.715123533,-2.348318768,-0.213523174
0.379000,0.000000,0.000000,-0.211484325,-0.777942549,-2.404097301,-0.211484325
0.380000,0.000000,0.000000,-0.219919859,-0.755226663,-2.307011616,-0.219919859
0.381000,0.000000,0.000000,-0.210793993,-0.750174318,-2.242317252,-0.210793993
0.382000,0.000000,0.000000,-0.215381288,-0.808588723,-2.311416329,-0.215381288
0.383000,0.000000,0.000000,-0.219392126,-0.671166998,-2.371832159,-0.219392126
0.384000,0.000000,0.000000,-0.235465318,-0.676677902,-2.487487765,-0.235465318
0.385000,0.000000,0.000000,-0.243746081,-0.450173128,-2.504320009,-0.243746081
0.386000,0.000000,0.000000,-0.250475680,-0.546286794,-2.603326701,-0.250475680
0.387000,0.000000,0.000000,-0.231226871,-0.693154314,-2.752723699,-0.231226871
0.388000,0.000000,0.000000,-0.233246494,-0.758734064,-2.946178769,-0.233246494
0.389000,0.000000,0.000000,-0.235012324,-0.816072819,-2.989659851,-0.235012324
0.390000,0.000000,0.000000,-0.232412550,-0.682399224,-2.762548762,-0.232412550
0.391000,0.000000,0.000000,-0.234283177,-0.623666792,-2.577778060,-0.234283177
0.392000,0.000000,0.000000,-0.235918733,-0.446651189,-2.479058182,-0.235918733
0.393000,0.000000,0.000000,-0.237348760,-0.480375582,-2.455575662,-0.237348760
0.394000,0.000000,0.000000,-0.251165455,-0.321366483,-2.560707750,-0.251165455
0.395000,0.000000,0.000000,-0.249465085,-0.115718503,-2.426734659,-0.249465085
0.396000,0.000000,0.000000,-0.230343271,-0.128197271,-2.221331748,-0.230343271
0.397000,0.000000,0.000000,-0.238757116,-0.264771616,-2.230236087,-0.238757116
0.398000,0.000000,0.000000,-0.239830461,-0.447015377,-2.175189622,-0.239830461
0.399000,0.000000,0.000000,-0.247052111,-0.480694004,-2.001396793,-0.247052111
0.400000,0.000000,0.000000,-0.246320581,-0.300350503,-1.952121106,-0.246320581
0.401000,0.000000,0.000000,-0.246320581,-0.300350503,-1.952121106,-0.246320581
0.402000,0.000000,0.000000,-0.215924564,-0.272356735,-1.977283473,-0.215924564
0.403000,0.000000,0.000000,-0.219867132,-0.327983615,-2.142519530,-0.219867132
0.404000,0.000000,0.000000,-0.217031077,-0.188124656,-2.161327705,-0.217031077
0.405000,0.000000,0.000000,-0.241430571,-0.249395974,-2.254982400,-0.241430571
0.406000,0.000000,0.000000,-0.242167960,-0.119412629,-2.448153633,-0.242167960
0.407000,0.000000,0.000000,-0.249095871,-0.068595326,-2.428554694,-0.249095871
0.408000,0.000000,0.000000,-0.255153195,-0.149827620,-2.222923071,-0.255153195
0.409000,0.000000,0.000000,-0.247882962,-0.346515669,-2.231627439,-0.247882962
0.410000,0.000000,0.000000,-0.235968504,-0.080007979,-2.426492035,-0.235968504
0.411000,0.000000,0.000000,-0.224825905,-0.222637970,-2.346783319,-0.224825905
0.412000,0.000000,0.000000,-0.221366712,-0.347344547,-2.088595537,-0.221366712
0.413000,0.000000,0.000000,-0.224625400,-0.330716328,-1.800020736,-0.224625400
0.414000,0.000000,0.000000,-0.227474589,-0.379009525,-1.673373019,-0.227474589
0.415000,0.000000,0.000000,-0.226650223,-0.458152429,-1.827022461,-0.226650223
0.416000,0.000000,0.000000,-0.235528150,-0.490431533,-2.011140873,-0.235528150
0.417000,0.000000,0.000000,-0.235528150,-0.490431533,-2.011140873,-0.235528150
0.418000,0.000000,0.000000,-0.235528150,-0.490431533,-2.011140873,-0.235528150
0.419000,0.000000,0.000000,-0.239431223,-0.564905845,-1.978673533,-0.239431223
0.420000,0.000000,0.000000,-0.246777873,-0.537431612,-2.052518016,-0.246777873
0.421000,0.000000,0.000000,-0.240560114,-0.559748200,-1.956972409,-0.240560114
0.422000,0.000000,0.000000,-0.235123702,-0.579260404,-1.873433416,-0.235123702
0.423000,0.000000,0.000000,-0.236653636,-0.596320631,-1.863224097,-0.236653636
0.424000,0.000000,0.000000,-0.231708126,-0.485573301,-1.917129571,-0.231708126
0.425000,0.000000,0.000000,-0.241663412,-0.123480674,-1.942638022,-0.241663412
0.426000,0.000000,0.000000,-0.248654726,0.053511541,-1.798068489,-0.248654726
0.427000,0.000000,0.000000,-0.261050672,0.145430405,-1.671666099,-0.261050672
0.428000,0.000000,0.000000,-0.265605711,0.162966551,-1.749643461,-0.265605711
0.429000,0.000000,0.000000,-0.269588347,-0.010196520,-1.880653752,-0.269588347
0.430000,0.000000,0.000000,-0.252561488,0.177095888,-1.867713088,-0.252561488
0.431000,0.000000,0.000000,-0.245616939,0.064989125,-1.858222606,-0.245616939
0.432000,0.000000,0.000000,-0.233261883,-0.095861739,-1.912756586,-0.233261883
0.433000,0.000000,0.000000,-0.241308964,-0.173667634,-1.960437624,-0.241308964
0.434000,0.000000,0.000000,-0.242061635,-0.241696152,-1.750799474,-0.242061635
0.435000,0.000000,0.000000,-0.238591062,-0.125540943,-1.713508003,-0.238591062
0.436000,0.000000,0.000000,-0.239685274,-0.136785387,-1.786227356,-0.239685274
0.437000,0.000000,0.000000,-0.246925168,-0.146616812,-1.786976673,-0.246925168
0.438000,0.000000,0.000000,-0.253255271,-0.092380930,-1.787631828,-0.253255271
0.439000,0.000000,0.000000,-0.252506724,-0.170624237,-1.662540948,-0.252506724
0.440000,0.000000,0.000000,-0.238713634,-0.173185681,-1.520373835,-0.238713634
0.441000,0.000000,0.000000,-0.239792443,-0.241274763,-1.554531291,-0.239792443
0.442000,0.000000,0.000000,-0.240735685,-0.237975666,-1.710060100,-0.240735685
0.443000,0.000000,0.000000,-0.241560396,-0.297922999,-1.971708289,-0.241560396
0.444000,0.000000,0.000000,-0.242281470,-0.350337127,-2.137644944,-0.242281470
0.445000,0.000000,0.000000,-0.219119994,-0.082929346,-2.464518144,-0.219119994
0.446000,0.000000,0.000000,-0.216377827,0.026135185,-2.380030927,-0.216377827
0.447000,0.000000,0.000000,-0.226546622,-0.067001296,-2.368992539,-0.226546622
0.448000,0.000000,0.000000,-0.222871198,-0.085602048,-2.547836836,-0.222871198
0.449000,0.000000,0.000000,-0.207091270,-0.164697214,-2.704206895,-0.207091270
0.450000,0.000000,0.000000,-0.200080677,-0.113718516,-2.371626074,-0.200080677
0.451000,0.000000,0.000000,-0.199731061,-0.252112316,-2.298812019,-0.199731061
0.452000,0.000000,0.000000,-0.186859009,-0.373115038,-2.297979900,-0.186859009
0.453000,0.000000,0.000000,-0.221484678,-0.254335675,-1.824050511,-0.221484678
0.454000,0.000000,0.000000,-0.221484678,-0.254335675,-1.824050511,-0.221484678
0.455000,0.000000,0.000000,-0.214998398,-0.433571301,-1.698778244,-0.214998398
0.456000,0.000000,0.000000,-0.219057352,-0.468939361,-1.647684887,-0.219057352
0.457000,0.000000,0.000000,-0.222606242,-0.311367380,-1.665843964,-0.222606242
0.458000,0.000000,0.000000,-0.228422164,-0.406442447,-1.577835042,-0.228422164
0.459000,0.000000,0.000000,-0.228422164,-0.406442447,-1.577835042,-0.228422164
0.460000,0.000000,0.000000,-0.226585042,-0.541955762,-1.463514907,-0.226585042
0.461000,0.000000,0.000000,-0.204055234,-0.752199388,-1.504817466,-0.204055234
0.462000,0.000000,0.000000,-0.190639790,-0.873191168,-1.540929793,-0.190639790
0.463000,0.000000,0.000000,-0.186714545,-0.945808821,-1.246806615,-0.186714545
0.464000,0.000000,0.000000,-0.186714545,-0.945808821,-1.246806615,-0.186714545
0.465000,0.000000,0.000000,-0.200984255,-0.899345744,-1.210455606,-0.200984255
0.466000,0.000000,0.000000,-0.206804278,-1.001846567,-1.346390388,-0.206804278
0.467000,0.000000,0.000000,-0.218176120,-1.028634905,-1.276747542,-0.218176120
0.468000,0.000000,0.000000,-0.225035496,-1.072535638,-1.759352626,-0.225035496
0.469000,0.000000,0.000000,-0.225035496,-1.072535638,-1.759352626,-0.225035496
0.470000,0.000000,0.000000,-0.207515205,-1.051159997,-1.767087066,-0.207515205
0.471000,0.000000,0.000000,-0.206231339,-1.134583279,-1.581746063,-0.206231339
0.472000,0.000000,0.000000,-0.198825623,-1.081859576,-1.356863845,-0.198825623
0.473000,0.000000,0.000000,-0.210242738,-0.869792252,-1.396567047,-0.210242738
0.474000,0.000000,0.000000,-0.210242738,-0.869792252,-1.396567047,-0.210242738
0.475000,0.000000,0.000000,-0.224464328,-0.896169986,-1.544686737,-0.224464328
0.476000,0.000000,0.000000,-0.214767387,-0.747742475,-1.512957090,-0.214767387
0.477000,0.000000,0.000000,-0.218855371,-0.743630621,-1.548046561,-0.218855371
0.478000,0.000000,0.000000,-0.234570346,-0.546640398,-1.375034549,-0.234570346
0.479000,0.000000,0.000000,-0.242453001,-0.442136070,-1.427455878,-0.242453001
0.480000,0.000000,0.000000,-0.243061907,-0.664923409,-1.473289748,-0.243061907
0.481000,0.000000,0.000000,-0.237311111,-0.922546318,-1.324868406,-0.237311111
0.482000,0.000000,0.000000,-0.239663507,-0.991434738,-1.332962885,-0.239663507
0.483000,0.000000,0.000000,-0.228056581,-0.831035905,-1.390671095,-0.228056581
0.484000,0.000000,0.000000,-0.217908224,-0.690793384,-1.126968212,-0.217908224
0.485000,0.000000,0.000000,-0.221601518,-0.568174257,-0.833571358,-0.221601518
0.486000,0.000000,0.000000,-0.218547513,-0.649459464,-0.702707546,-0.218547513
0.487000,0.000000,0.000000,-0.231602598,-0.664901659,-0.904383819,-0.231602598
0.488000,0.000000,0.000000,-0.246141377,-0.671199889,-1.015948863,-0.246141377
0.489000,0.000000,0.000000,-0.246286788,-0.802370366,-1.176326084,-0.246286788
0.490000,0.000000,0.000000,-0.233847556,-0.854225622,-1.190886002,-0.233847556
0.491000,0.000000,0.000000,-0.229254669,-0.899564554,-1.266448120,-0.229254669
0.492000,0.000000,0.000000,-0.221727845,-0.958074641,-1.382383654,-0.221727845
0.493000,0.000000,0.000000,-0.218657966,-0.990363520,-1.496713320,-0.218657966
0.494000,0.000000,0.000000,-0.209690674,-1.018594860,-1.596675897,-0.209690674
0.495000,0.000000,0.000000,-0.208133430,-0.917614838,-1.558413100,-0.208133430
0.496000,0.000000,0.000000,-0.213055061,-0.829324340,-1.524958547,-0.213055061
0.497000,0.000000,0.000000,-0.197567026,-0.975106066,-1.823437286,-0.197567026
0.498000,0.000000,0.000000,-0.197533285,-1.068086566,-1.819510666,-0.197533285
0.499000,0.000000,0.000000,-0.203786970,-1.023719087,-1.816077478,-0.203786970
0.500000,0.000000,0.000000,-0.215537978,-1.110590695,-1.687412012,-0.215537978
0.501000,0.000000,0.000000,-0.219529126,-1.060881989,-1.512083272,-0.219529126
0.502000,0.000000,0.000000,-0.223243881,-0.511623845,-1.642461153,-0.223243881
0.503000,0.000000,0.000000,-0.226266676,-0.285856121,-1.786940370,-0.226266676
0.504000,0.000000,0.000000,-0.228909616,-0.402618471,-1.850431940,-0.228909616
0.505000,0.000000,0.000000,-0.224937249,-0.693203591,-1.843113071,-0.224937249
0.506000,0.000000,0.000000,-0.236487321,-0.941774196,-1.477814839,-0.236487321
0.507000,0.000000,0.000000,-0.231562711,-0.976111450,-1.391656709,-0.231562711
0.508000,0.000000,0.000000,-0.233540132,-0.817638198,-1.441989236,-0.233540132
0.509000,0.000000,0.000000,-0.247835433,-0.679079282,-1.611660497,-0.247835433
0.510000,0.000000,0.000000,-0.247767963,-0.620764047,-1.697178386,-0.247767963
0.511000,0.000000,0.000000,-0.231176542,-0.697901216,-1.609684761,-0.231176542
0.512000,0.000000,0.000000,-0.233202490,-0.700052599,-1.632619075,-0.233202490
0.513000,0.000000,0.000000,-0.222407479,-0.764765485,-1.589839524,-0.222407479
0.514000,0.000000,0.000000,-0.225535380,-0.821346310,-1.489603958,-0.225535380
0.515000,0.000000,0.000000,-0.228270217,-0.870816978,-1.653291777,-0.228270217
0.516000,0.000000,0.000000,-0.246475169,-0.549697952,-1.540048103,-0.246475169
0.517000,0.000000,0.000000,-0.246578635,-0.381977547,-1.446069511,-0.246578635
0.518000,0.000000,0.000000,-0.246669099,-0.235333510,-1.489564323,-0.246669099
0.519000,0.000000,0.000000,-0.241323734,-0.112781249,-1.678611655,-0.241323734
0.520000,0.000000,0.000000,-0.241323734,-0.112781249,-1.678611655,-0.241323734
0.521000,0.000000,0.000000,-0.241941444,-0.372398531,-1.783986724,-0.241941444
0.522000,0.000000,0.000000,-0.248897820,-0.415453788,-2.224840578,-0.248897820
0.523000,0.000000,0.000000,-0.248696846,-0.453098562,-2.421799545,-0.248696846
0.524000,0.000000,0.000000,-0.242873874,-0.514790827,-2.556080388,-0.242873874
0.525000,0.000000,0.000000,-0.242873874,-0.514790827,-2.556080388,-0.242873874
0.526000,0.000000,0.000000,-0.269738134,-0.541050559,-2.689310916,-0.269738134
0.527000,0.000000,0.000000,-0.260635104,-0.625744231,-2.576575406,-0.260635104
0.528000,0.000000,0.000000,-0.257493859,-0.576044681,-2.399720108,-0.257493859
0.529000,0.000000,0.000000,-0.243646304,-0.467845302,-2.323375652,-0.243646304
0.530000,0.000000,0.000000,-0.237822071,-0.498906364,-2.256624923,-0.237822071
0.531000,0.000000,0.000000,-0.245296102,-0.463232325,-2.135430485,-0.245296102
0.532000,0.000000,0.000000,-0.251830919,-0.306377512,-2.217961349,-0.251830919
0.533000,0.000000,0.000000,-0.262540179,0.139171754,-2.470980971,-0.262540179
0.534000,0.000000,0.000000,-0.266908041,0.220326238,-2.448513464,-0.266908041
0.535000,0.000000,0.000000,-0.258160651,0.291282549,-2.428869307,-0.258160651
0.536000,0.000000,0.000000,-0.256795676,0.416154080,-2.286030002,-0.256795676
0.537000,0.000000,0.000000,-0.255602229,0.336838232,-2.223972266,-0.255602229
0.538000,0.000000,0.000000,-0.270916826,0.198959718,-2.067335863,-0.270916826
0.539000,0.000000,0.000000,-0.267948863,0.209769172,-2.095591897,-0.267948863
0.540000,0.000000,0.000000,-0.271637050,0.282052123,-1.994633466,-0.271637050
0.541000,0.000000,0.000000,-0.274861766,0.282419877,-2.032025552,-0.274861766
0.542000,0.000000,0.000000,-0.277681252,0.219909565,-1.939055103,-0.277681252
0.543000,0.000000,0.000000,-0.281512258,0.353003695,-1.896567448,-0.281512258
0.544000,0.000000,0.000000,-0.283496019,0.407287265,-1.946282874,-0.283496019
0.545000,0.000000,0.000000,-0.291513678,0.580413067,-1.864087168,-0.291513678
0.546000,0.000000,0.000000,-0.298523808,0.794615091,-1.792220479,-0.298523808
0.547000,0.000000,0.000000,-0.292086649,0.919067843,-1.917880384,-0.292086649
0.548000,0.000000,0.000000,-0.276043814,0.824653144,-2.296516060,-0.276043814
0.549000,0.000000,0.000000,-0.284997945,0.694003790,-2.107476901,-0.284997945
0.550000,0.000000,0.000000,-0.287895175,0.550623133,-1.986175040,-0.287895175
0.551000,0.000000,0.000000,-0.289076834,0.517241259,-1.961798190,-0.289076834
0.552000,0.000000,0.000000,-0.291013339,0.399703182,-1.631377187,-0.291013339
0.553000,0.000000,0.000000,-0.298086343,0.385286468,-1.463089991,-0.298086343
0.554000,0.000000,0.000000,-0.297987343,0.498345118,-1.315950387,-0.297987343
0.555000,0.000000,0.000000,-0.297900784,0.345868987,-1.501460157,-0.297900784
0.556000,0.000000,0.000000,-0.291541916,0.212553572,-1.726489935,-0.291541916
0.557000,0.000000,0.000000,-0.286614619,-0.005923764,-1.789005209,-0.286614619
0.558000,0.000000,0.000000,-0.281674013,0.030632107,-1.726573597,-0.281674013
0.559000,0.000000,0.000000,-0.283637447,0.188257939,-1.860482933,-0.283637447
0.560000,0.000000,0.000000,-0.279070963,0.263244071,-1.977564725,-0.279070963
0.561000,0.000000,0.000000,-0.279070963,0.263244071,-1.977564725,-0.279070963
0.562000,0.000000,0.000000,-0.279070963,0.263244071,-1.977564725,-0.279070963
0.563000,0.000000,0.000000,-0.279070963,0.263244071,-1.977564725,-0.279070963
0.564000,0.000000,0.000000,-0.279764677,0.499887333,-1.992497486,-0.279764677
0.565000,0.000000,0.000000,-0.281968045,0.535712961,-1.841662428,-0.281968045
0.566000,0.000000,0.000000,-0.290177715,0.567036607,-1.709781862,-0.290177715
0.567000,0.000000,0.000000,-0.309125341,0.367042394,-1.682151517,-0.309125341
0.568000,0.000000,0.000000,-0.307639140,0.168234397,-1.633147537,-0.307639140
0.569000,0.000000,0.000000,-0.300056514,-0.005590651,-1.653133431,-0.300056514
0.570000,0.000000,0.000000,-0.299709935,-0.031908492,-1.733439677,-0.299709935
0.571000,0.000000,0.000000,-0.299406908,-0.117750990,-1.740822489,-0.299406908
0.572000,0.000000,0.000000,-0.292627122,-0.258429696,-1.752921444,-0.292627122
0.573000,0.000000,0.000000,-0.286930962,-0.252974846,-1.695024252,-0.286930962
0.574000,0.000000,0.000000,-0.281950603,-0.373869179,-1.518738930,-0.281950603
0.575000,0.000000,0.000000,-0.277596095,-0.291075923,-1.553101834,-0.277596095
0.576000,0.000000,0.000000,-0.280071975,-0.155854921,-1.645978421,-0.280071975
0.577000,0.000000,0.000000,-0.283339880,0.065745290,-1.617584719,-0.283339880
0.578000,0.000000,0.000000,-0.278810789,-0.095200596,-1.451030736,-0.278810789
0.579000,0.000000,0.000000,-0.281134026,-0.173089573,-1.368238396,-0.281134026
0.580000,0.000000,0.000000,-0.276882132,-0.241190733,-1.358681902,-0.276882132
0.581000,0.000000,0.000000,-0.273164546,-0.237902195,-1.413158165,-0.273164546
0.582000,0.000000,0.000000,-0.279638536,-0.428904181,-0.905698082,-0.279638536
0.583000,0.000000,0.000000,-0.281857755,-0.339195023,-0.828602412,-0.281857755
0.584000,0.000000,0.000000,-0.283798100,-0.386422756,-1.012522281,-0.283798100
0.585000,0.000000,0.000000,-0.291777798,-0.427715677,-1.047666392,-0.291777798
0.586000,0.000000,0.000000,-0.279905182,-0.338155870,-1.078394164,-0.279905182
0.587000,0.000000,0.000000,-0.284001941,-0.018681045,-0.948150968,-0.284001941
0.588000,0.000000,0.000000,-0.298239210,0.019477954,-0.677224952,-0.298239210
0.589000,0.000000,0.000000,-0.310687370,0.052841751,-0.440344503,-0.310687370
0.590000,0.000000,0.000000,-0.309004878,0.082012930,-0.484558741,-0.309004878
0.591000,0.000000,0.000000,-0.313816999,-0.080977208,-0.586048707,-0.313816999
0.592000,0.000000,0.000000,-0.302853549,-0.340189804,-0.045762353,-0.302853549
0.593000,0.000000,0.000000,-0.289589114,-0.324460676,-0.076729394,-0.289589114
0.594000,0.000000,0.000000,-0.284274721,-0.436371835,-0.229468707,-0.284274721
0.595000,0.000000,0.000000,-0.279628155,-0.471387970,-0.425846085,-0.279628155
0.596000,0.000000,0.000000,-0.275565494,-0.564835700,-0.471882248,-0.275565494
0.597000,0.000000,0.000000,-0.279894837,-0.466650452,-0.665094346,-0.279894837
0.598000,0.000000,0.000000,-0.269515479,-0.372197957,-0.743897539,-0.269515479
0.599000,0.000000,0.000000,-0.266723614,-0.415278419,-0.812798031,-0.266723614
0.600000,0.000000,0.000000,-0.257999399,-0.515777084,-0.873040232,-0.257999399
0.601000,0.000000,0.000000,-0.250371502,-0.603646714,-0.737216615,-0.250371502
0.602000,0.000000,0.000000,-0.249647705,-0.504215756,-0.334028962,-0.249647705
0.603000,0.000000,0.000000,-0.243069313,-0.467874519,-0.265939499,-0.243069313
0.604000,0.000000,0.000000,-0.237317586,-0.373268204,-0.269238263,-0.237317586
0.605000,0.000000,0.000000,-0.238571828,-0.479046028,-0.334954345,-0.238571828
0.606000,0.000000,0.000000,-0.239668457,-0.571531418,-0.455244154,-0.239668457
0.607000,0.000000,0.000000,-0.254031983,-0.613224160,-0.361902909,-0.254031983
0.608000,0.000000,0.000000,-0.253185831,-0.688848229,-0.353142555,-0.253185831
0.609000,0.000000,0.000000,-0.258729196,-0.692137244,-0.282651207,-0.258729196
0.610000,0.000000,0.000000,-0.263575961,-0.757844803,-0.409513622,-0.263575961
0.611000,0.000000,0.000000,-0.261530477,-0.815295306,-0.520434036,-0.261530477
0.612000,0.000000,0.000000,-0.261530477,-0.815295306,-0.520434036,-0.261530477
0.613000,0.000000,0.000000,-0.261530477,-0.815295306,-0.520434036,-0.261530477
0.614000,0.000000,0.000000,-0.270166414,-1.437151274,-0.757178502,-0.270166414
0.615000,0.000000,0.000000,-0.286142306,-1.534901315,-0.761578206,-0.286142306
0.616000,0.000000,0.000000,-0.304152310,-1.263027965,-1.047402245,-0.304152310
0.617000,0.000000,0.000000,-0.297044379,-0.961248470,-0.987290617,-0.297044379
0.618000,0.000000,0.000000,-0.297076316,-0.867474808,-0.899941726,-0.297076316
0.619000,0.000000,0.000000,-0.290821054,-0.911148798,-1.012064980,-0.290821054
0.620000,0.000000,0.000000,-0.292346732,-0.982721745,-1.203708280,-0.292346732
0.621000,0.000000,0.000000,-0.292346732,-0.982721745,-1.203708280,-0.292346732
0.622000,0.000000,0.000000,-0.293513057,-0.794004954,-1.342316991,-0.293513057
0.623000,0.000000,0.000000,-0.287705567,-0.658415879,-1.398849730,-0.287705567
0.624000,0.000000,0.000000,-0.270061498,-0.539865430,-1.448278355,-0.270061498
0.625000,0.000000,0.000000,-0.282759985,-0.753825162,-1.490137196,-0.282759985
0.626000,0.000000,0.000000,-0.282759985,-0.753825162,-1.490137196,-0.282759985
0.627000,0.000000,0.000000,-0.274407532,-0.257822016,-1.679049596,-0.274407532
0.628000,0.000000,0.000000,-0.264717728,-0.001116117,-1.693267267,-0.264717728
0.629000,0.000000,0.000000,-0.262528767,0.034835608,-1.705698293,-0.262528767
0.630000,0.000000,0.000000,-0.252658310,-0.322382617,-1.733965946,-0.252658310
0.631000,0.000000,0.000000,-0.252658310,-0.322382617,-1.733965946,-0.252658310
0.632000,0.000000,0.000000,-0.263172689,-0.226367640,-1.865447886,-0.263172689
0.633000,0.000000,0.000000,-0.280027439,-0.224941827,-1.919073911,-0.280027439
0.634000,0.000000,0.000000,-0.288480973,-0.223695187,-1.903129237,-0.288480973
0.635000,0.000000,0.000000,-0.288480973,-0.223695187,-1.903129237,-0.288480973
0.636000,0.000000,0.000000,-0.288480973,-0.223695187,-1.903129237,-0.288480973
0.637000,0.000000,0.000000,-0.288480973,-0.223695187,-1.903129237,-0.288480973
0.638000,0.000000,0.000000,-0.309165404,0.036917771,-1.815860282,-0.309165404
0.639000,0.000000,0.000000,-0.307674168,0.068090016,-1.812885816,-0.307674168
0.640000,0.000000,0.000000,-0.317796700,0.064238930,-1.753075090,-0.317796700
0.641000,0.000000,0.000000,-0.317796700,0.064238930,-1.753075090,-0.317796700
0.642000,0.000000,0.000000,-0.324745443,-0.119304962,-1.825119969,-0.324745443
0.643000,0.000000,0.000000,-0.321296362,-0.005669335,-1.820981896,-0.321296362
0.644000,0.000000,0.000000,-0.324563890,0.156518270,-1.754531975,-0.324563890
0.645000,0.000000,0.000000,-0.312648296,0.304543335,-1.637738146,-0.312648296
0.646000,0.000000,0.000000,-0.312648296,0.304543335,-1.637738146,-0.312648296
0.647000,0.000000,0.000000,-0.314526488,0.480535015,-1.556349156,-0.314526488
0.648000,0.000000,0.000000,-0.312361558,0.518792526,-1.585985820,-0.312361558
0.649000,0.000000,0.000000,-0.297902311,0.426578751,-1.423402671,-0.297902311
0.650000,0.000000,0.000000,-0.286772863,0.157690771,-1.337561242,-0.286772863
0.651000,0.000000,0.000000,-0.286772863,0.157690771,-1.337561242,-0.286772863
0.652000,0.000000,0.000000,-0.271192048,-0.047864398,-1.444642756,-0.271192048
0.653000,0.000000,0.000000,-0.274472685,-0.194533670,-1.425485007,-0.274472685
0.654000,0.000000,0.000000,-0.283624249,-0.071444526,-1.220239132,-0.283624249
0.655000,0.000000,0.000000,-0.286845034,-0.058221564,-1.127313870,-0.286845034
0.656000,0.000000,0.000000,-0.286845034,-0.058221564,-1.127313870,-0.286845034
0.657000,0.000000,0.000000,-0.289307208,-0.095153573,-0.993444004,-0.289307208
0.658000,0.000000,0.000000,-0.302877797,-0.110216606,-0.968153709,-0.302877797
0.659000,0.000000,0.000000,-0.308459870,-0.186218616,-0.946041486,-0.308459870
0.660000,0.000000,0.000000,-0.308459870,-0.186218616,-0.946041486,-0.308459870
0.661000,0.000000,0.000000,-0.308459870,-0.186218616,-0.946041486,-0.308459870
0.662000,0.000000,0.000000,-0.305830970,-0.130170852,-1.035467676,-0.305830970
0.663000,0.000000,0.000000,-0.331358472,-0.054346351,-1.412061655,-0.331358472
0.664000,0.000000,0.000000,-0.333361558,-0.011705517,-1.334166315,-0.333361558
0.665000,0.000000,0.000000,-0.317389304,0.164306383,-1.341949634,-0.317389304
0.666000,0.000000,0.000000,-0.314864622,0.430797915,-1.335696683,-0.314864622
0.667000,0.000000,0.000000,-0.306374016,0.475305575,-1.267397648,-0.306374016
0.668000,0.000000,0.000000,-0.298950371,0.514220238,-1.082017617,-0.298950371
0.669000,0.000000,0.000000,-0.286784499,0.570097912,-0.958816651,-0.286784499
0.670000,0.000000,0.000000,-0.275539360,0.534268765,-1.063541464,-0.275539360
0.671000,0.000000,0.000000,-0.271990511,0.502942042,-1.217938021,-0.271990511
0.672000,0.000000,0.000000,-0.268887625,0.538383803,-1.227268829,-0.268887625
0.673000,0.000000,0.000000,-0.272457844,0.443708116,-1.172595240,-0.272457844
0.674000,0.000000,0.000000,-0.278308719,0.162889869,-1.028059979,-0.278308719
0.675000,0.000000,0.000000,-0.280695048,0.115400141,-0.935587859,-0.280695048
0.676000,0.000000,0.000000,-0.276498317,0.199541854,-0.854736129,-0.276498317
0.677000,0.000000,0.000000,-0.279112148,0.273110007,-0.784044526,-0.279112148
0.678000,0.000000,0.000000,-0.281397516,0.525928873,-0.659404439,-0.281397516
0.679000,0.000000,0.000000,-0.267872357,0.516216889,-0.329480528,-0.267872357
0.680000,0.000000,0.000000,-0.271570158,0.298663072,-0.450458197,-0.271570158
0.681000,0.000000,0.000000,-0.268520095,0.108447874,-0.619065217,-0.268520095
0.682000,0.000000,0.000000,-0.265853313,0.067799528,-0.703652601,-0.265853313
0.683000,0.000000,0.000000,-0.276088020,0.095091058,-0.651946715,-0.276088020
0.684000,0.000000,0.000000,-0.286577475,0.139816423,-0.339570734,-0.286577475
0.685000,0.000000,0.000000,-0.275358351,0.346553602,-0.459280430,-0.275358351
0.686000,0.000000,0.000000,-0.271832249,0.464479567,-0.438283256,-0.271832249
0.687000,0.000000,0.000000,-0.275032436,0.379090960,-0.482756518,-0.275032436
0.688000,0.000000,0.000000,-0.284113660,0.304432601,-0.395977399,-0.284113660
0.689000,0.000000,0.000000,-0.298206405,0.189978148,-0.316595611,-0.298206405
0.690000,0.000000,0.000000,-0.285525946,0.076252553,-0.313528740,-0.285525946
0.691000,0.000000,0.000000,-0.280722147,-0.211677421,-0.185183558,-0.280722147
0.692000,0.000000,0.000000,-0.270238825,-0.337761342,-0.135798560,-0.270238825
0.693000,0.000000,0.000000,-0.261072876,-0.259505530,-0.218283170,-0.261072876
0.694000,0.000000,0.000000,-0.246051718,-0.264819277,-0.471226992,-0.246051718
0.695000,0.000000,0.000000,-0.246208396,-0.195729636,-0.385896716,-0.246208396
0.696000,0.000000,0.000000,-0.246345385,-0.260985761,-0.374121212,-0.246345385
0.697000,0.000000,0.000000,-0.259031531,-0.192377853,-0.426657314,-0.259031531
0.698000,0.000000,0.000000,-0.263840303,-0.132391470,-0.472591535,-0.263840303
0.699000,0.000000,0.000000,-0.248167315,-0.332453668,-0.492932378,-0.248167315
0.700000,0.000000,0.000000,-0.235491769,-0.380528545,-0.530538229,-0.235491769
0.701000,0.000000,0.000000,-0.243258635,-0.485394007,-0.500586536,-0.243258635
0.702000,0.000000,0.000000,-0.250049488,-0.388586128,-0.411566831,-0.250049488
0.703000,0.000000,0.000000,-0.243420606,-0.303943486,-0.333733672,-0.243420606
0.704000,0.000000,0.000000,-0.245123564,-0.518535170,-0.206180672,-0.245123564
0.705000,0.000000,0.000000,-0.264246433,-0.417562649,-0.154157098,-0.264246433
0.706000,0.000000,0.000000,-0.262116696,-0.392110563,-0.234334706,-0.262116696
0.707000,0.000000,0.000000,-0.272820960,-0.369856880,-0.367268752,-0.272820960
0.708000,0.000000,0.000000,-0.288463272,-0.413231530,-0.420665960,-0.288463272
0.709000,0.000000,0.000000,-0.278767490,-0.421482065,-0.319677758,-0.278767490
0.710000,0.000000,0.000000,-0.278767490,-0.421482065,-0.319677758,-0.278767490
0.711000,0.000000,0.000000,-0.278767490,-0.421482065,-0.319677758,-0.278767490
0.712000,0.000000,0.000000,-0.268332336,-0.353019409,0.267113280,-0.268332336
0.713000,0.000000,0.000000,-0.265689149,-0.398509919,0.322492834,-0.265689149
0.714000,0.000000,0.000000,-0.295910290,-0.128713701,0.164958803,-0.295910290
0.715000,0.000000,0.000000,-0.296084741,-0.076727591,0.233175467,-0.296084741
0.716000,0.000000,0.000000,-0.302520455,0.031557605,0.229987919,-0.302520455
0.717000,0.000000,0.000000,-0.320713803,0.000571576,0.227200931,-0.320713803
0.718000,0.000000,0.000000,-0.336620908,0.036311219,0.099100459,-0.336620908
0.719000,0.000000,0.000000,-0.327359069,0.267585547,0.069769251,-0.327359069
0.720000,0.000000,0.000000,-0.329864735,0.395434931,-0.101379625,-0.329864735
0.721000,0.000000,0.000000,-0.319489159,0.632881994,-0.125357593,-0.319489159
0.722000,0.000000,0.000000,-0.316700601,0.777658725,0.042173159,-0.316700601
0.723000,0.000000,0.000000,-0.314262464,0.778578570,0.062987669,-0.314262464
0.724000,0.000000,0.000000,-0.327537264,0.827126499,-0.185478038,-0.327537264
0.725000,0.000000,0.000000,-0.323737352,0.947493746,-0.261719740,-0.323737352
0.726000,0.000000,0.000000,-0.326698136,0.989903346,-0.265548775,-0.326698136
0.727000,0.000000,0.000000,-0.323003672,0.901319892,-0.143232933,-0.323003672
0.728000,0.000000,0.000000,-0.319773468,0.886700017,-0.224783312,-0.319773468
0.729000,0.000000,0.000000,-0.319973425,0.792013424,-0.114996365,-0.319973425
0.730000,0.000000,0.000000,-0.323407198,0.791129405,-0.074431350,-0.323407198
0.731000,0.000000,0.000000,-0.320126285,0.916020180,-0.101795738,-0.320126285
0.732000,0.000000,0.000000,-0.317257664,0.962384865,-0.062889562,-0.317257664
0.733000,0.000000,0.000000,-0.321032710,0.940091339,-0.217368040,-0.321032710
0.734000,0.000000,0.000000,-0.321032710,0.940091339,-0.217368040,-0.321032710
0.735000,0.000000,0.000000,-0.321032710,0.940091339,-0.217368040,-0.321032710
0.736000,0.000000,0.000000,-0.324338871,1.008194478,-0.415583127,-0.324338871
0.737000,0.000000,0.000000,-0.339790437,1.105808052,-0.462908971,-0.339790437
0.738000,0.000000,0.000000,-0.340733931,1.128323290,-0.567119528,-0.340733931
0.739000,0.000000,0.000000,-0.322709306,1.210841032,-0.469739040,-0.322709306
0.740000,0.000000,0.000000,-0.320566240,1.361088867,-0.355927433,-0.320566240
0.741000,0.000000,0.000000,-0.314296286,1.453034499,-0.340915025,-0.314296286
0.742000,0.000000,0.000000,-0.314296286,1.453034499,-0.340915025,-0.314296286
0.743000,0.000000,0.000000,-0.297726329,1.641091644,-0.211670557,-0.297726329
0.744000,0.000000,0.000000,-0.297672570,1.596341161,-0.347452664,-0.297672570
0.745000,0.000000,0.000000,-0.303908751,1.682877896,-0.340508182,-0.303908751
0.746000,0.000000,0.000000,-0.320411792,1.706926297,-0.572559291,-0.320411792
0.747000,0.000000,0.000000,-0.320411792,1.706926297,-0.572559291,-0.320411792
0.748000,0.000000,0.000000,-0.338521388,1.835182771,-0.506522272,-0.338521388
0.749000,0.000000,0.000000,-0.339624356,2.017369491,-0.605252219,-0.339624356
0.750000,0.000000,0.000000,-0.334305535,2.113830098,-0.691575395,-0.334305535
0.751000,0.000000,0.000000,-0.325589050,2.044269405,-0.652441963,-0.325589050
0.752000,0.000000,0.000000,-0.325589050,2.044269405,-0.652441963,-0.325589050
0.753000,0.000000,0.000000,-0.337775167,1.928260909,-0.975829932,-0.337775167
0.754000,0.000000,0.000000,-0.338971907,2.098751085,-0.889921233,-0.338971907
0.755000,0.000000,0.000000,-0.352584631,1.996489421,-0.814808140,-0.352584631
0.756000,0.000000,0.000000,-0.352129131,1.773966811,-0.691712785,-0.352129131
0.757000,0.000000,0.000000,-0.352129131,1.773966811,-0.691712785,-0.352129131
0.758000,0.000000,0.000000,-0.352129131,1.773966811,-0.691712785,-0.352129131
0.759000,0.000000,0.000000,-0.352129131,1.773966811,-0.691712785,-0.352129131
0.760000,0.000000,0.000000,-0.341908183,1.645976073,-0.491898684,-0.341908183
0.761000,0.000000,0.000000,-0.331401000,1.262580262,-0.389923975,-0.331401000
0.762000,0.000000,0.000000,-0.331401000,1.262580262,-0.389923975,-0.331401000
0.763000,0.000000,0.000000,-0.352415859,1.267855882,-0.602440201,-0.352415859
0.764000,0.000000,0.000000,-0.345489610,1.144343883,-0.563453040,-0.345489610
0.765000,0.000000,0.000000,-0.339433740,0.973521006,-0.403701444,-0.339433740
0.766000,0.000000,0.000000,-0.329509378,1.235376059,-0.322500364,-0.329509378
0.767000,0.000000,0.000000,-0.329509378,1.235376059,-0.322500364,-0.329509378
0.768000,0.000000,0.000000,-0.333699363,1.411867759,-0.260425066,-0.333699363
0.769000,0.000000,0.000000,-0.341691469,1.270258693,-0.201584941,-0.341691469
0.770000,0.000000,0.000000,-0.342396072,1.272108454,-0.275802590,-0.342396072
0.771000,0.000000,0.000000,-0.337267591,1.330076011,-0.208934934,-0.337267591
0.772000,0.000000,0.000000,-0.337267591,1.330076011,-0.208934934,-0.337267591
0.773000,0.000000,0.000000,-0.334926189,1.193790243,-0.354208263,-0.334926189
0.774000,0.000000,0.000000,-0.330197757,1.016753753,-0.409246701,-0.330197757
0.775000,0.000000,0.000000,-0.326063517,0.924796178,-0.394536951,-0.326063517
0.776000,0.000000,0.000000,-0.307511522,0.766200397,-0.205622100,-0.307511522
0.777000,0.000000,0.000000,-0.307511522,0.766200397,-0.205622100,-0.307511522
0.778000,0.000000,0.000000,-0.323165980,0.770623345,-0.108243993,-0.323165980
0.779000,0.000000,0.000000,-0.345048121,0.646763576,-0.005695653,-0.345048121
0.780000,0.000000,0.000000,-0.351614100,0.664132190,0.083966083,-0.351614100
0.781000,0.000000,0.000000,-0.338031256,0.747532050,0.050303882,-0.338031256
0.782000,0.000000,0.000000,-0.338031256,0.747532050,0.050303882,-0.338031256
0.783000,0.000000,0.000000,-0.338031256,0.747532050,0.050303882,-0.338031256
0.784000,0.000000,0.000000,-0.338031256,0.747532050,0.050303882,-0.338031256
0.785000,0.000000,0.000000,-0.338031256,0.747532050,0.050303882,-0.338031256
0.786000,0.000000,0.000000,-0.297189849,0.822980953,0.178732919,-0.297189849
0.787000,0.000000,0.000000,-0.297189849,0.822980953,0.178732919,-0.297189849
0.788000,0.000000,0.000000,-0.327052236,0.814030033,-0.104890649,-0.327052236
0.789000,0.000000,0.000000,-0.342162830,0.810379325,-0.002763703,-0.342162830
0.790000,0.000000,0.000000,-0.342162830,0.810379325,-0.002763703,-0.342162830
0.791000,0.000000,0.000000,-0.342162830,0.810379325,-0.002763703,-0.342162830
0.792000,0.000000,0.000000,-0.351202885,0.723333195,-0.050705263,-0.351202885
0.793000,0.000000,0.000000,-0.327519231,0.384548846,-0.052647508,-0.327519231
0.794000,0.000000,0.000000,-0.317438400,0.246372776,-0.019917481,-0.317438400
0.795000,0.000000,0.000000,-0.321190734,0.251224130,-0.054132284,-0.321190734
0.796000,0.000000,0.000000,-0.296713701,0.023638483,-0.408571410,-0.296713701
0.797000,0.000000,0.000000,-0.296713701,0.023638483,-0.408571410,-0.296713701
0.798000,0.000000,0.000000,-0.279581029,-0.095406370,-0.506823153,-0.279581029
0.799000,0.000000,0.000000,-0.281807475,-0.173269489,-0.354187878,-0.281807475
0.800000,0.000000,0.000000,-0.264904581,-0.052852480,-0.409228877,-0.264904581
0.801000,0.000000,0.000000,-0.285100893,-0.216712808,-0.562261933,-0.285100893
0.802000,0.000000,0.000000,-0.285100893,-0.216712808,-0.562261933,-0.285100893
0.803000,0.000000,0.000000,-0.293467492,-0.389018608,-0.380882290,-0.293467492
0.804000,0.000000,0.000000,-0.287665728,-0.492817178,-0.306905064,-0.287665728
0.805000,0.000000,0.000000,-0.282593036,-0.457908329,-0.242224090,-0.282593036
0.806000,0.000000,0.000000,-0.280563091,-0.518467720,-0.183265381,-0.280563091
0.807000,0.000000,0.000000,-0.280563091,-0.518467720,-0.183265381,-0.280563091
0.808000,0.000000,0.000000,-0.325328912,-0.619699362,-0.106944454,-0.325328912
0.809000,0.000000,0.000000,-0.334372880,-0.568846027,-0.318718684,-0.334372880
0.810000,0.000000,0.000000,-0.323430794,-0.461551257,-0.503880579,-0.323430794
0.811000,0.000000,0.000000,-0.305498900,-0.167948540,-0.760283454,-0.305498900
0.812000,0.000000,0.000000,-0.305498900,-0.167948540,-0.760283454,-0.305498900
0.813000,0.000000,0.000000,-0.291790614,-0.359635767,-0.759902966,-0.291790614
0.814000,0.000000,0.000000,-0.286199573,-0.467126693,-0.701128450,-0.286199573
0.815000,0.000000,0.000000,-0.281311123,-0.498278058,-0.649739758,-0.281311123
0.816000,0.000000,0.000000,-0.286612567,-0.356317055,-0.745009224,-0.286612567
0.817000,0.000000,0.000000,-0.294238590,-0.275729464,-0.688106311,-0.294238590
0.818000,0.000000,0.000000,-0.294623112,-0.268100661,-0.638354029,-0.294623112
0.819000,0.000000,0.000000,-0.301242500,-0.198598669,-0.720517509,-0.301242500
0.820000,0.000000,0.000000,-0.271266330,0.033069235,-0.674567166,-0.271266330
0.821000,0.000000,0.000000,-0.274537632,0.064725102,-0.815011822,-0.274537632
0.822000,0.000000,0.000000,-0.277397850,0.029571122,-0.874975829,-0.277397850
0.823000,0.000000,0.000000,-0.279898642,-0.063997131,-0.990236390,-0.279898642
0.824000,0.000000,0.000000,-0.269518805,-0.208639104,-1.153844735,-0.269518805
0.825000,0.000000,0.000000,-0.263495559,-0.202246677,-1.241366256,-0.263495559
0.826000,0.000000,0.000000,-0.255176995,-0.015356434,-1.247752985,-0.255176995
0.827000,0.000000,0.000000,-0.247903771,0.022384781,-1.253337134,-0.247903771
0.828000,0.000000,0.000000,-0.247827714,-0.007448557,-1.132555852,-0.247827714
0.829000,0.000000,0.000000,-0.260327584,0.029298926,-1.152616099,-0.260327584
0.830000,0.000000,0.000000,-0.250186017,0.207288732,-1.538794906,-0.250186017
0.831000,0.000000,0.000000,-0.243539979,0.217051531,-1.570637502,-0.243539979
0.832000,0.000000,0.000000,-0.244012291,0.162755648,-1.535646786,-0.244012291
0.833000,0.000000,0.000000,-0.250708437,0.115282786,-1.630716839,-0.250708437
0.834000,0.000000,0.000000,-0.256563120,0.262271100,-1.902335596,-0.256563120
0.835000,0.000000,0.000000,-0.242604171,0.620923607,-2.339568799,-0.242604171
0.836000,0.000000,0.000000,-0.236910896,0.830034927,-2.459278739,-0.236910896
0.837000,0.000000,0.000000,-0.244499429,0.887204837,-2.563945484,-0.244499429
0.838000,0.000000,0.000000,-0.238567988,0.874358712,-2.592627565,-0.238567988
0.839000,0.000000,0.000000,-0.227098729,0.988790584,-2.680537202,-0.227098729
0.840000,0.000000,0.000000,-0.214586089,1.349025757,-2.769667368,-0.214586089
0.841000,0.000000,0.000000,-0.214586089,1.349025757,-2.769667368,-0.214586089
0.842000,0.000000,0.000000,-0.210514245,1.640203930,-2.649308608,-0.210514245
0.843000,0.000000,0.000000,-0.221419879,1.658396854,-2.730095495,-0.221419879
0.844000,0.000000,0.000000,-0.230955070,1.674303587,-2.737898550,-0.230955070
0.845000,0.000000,0.000000,-0.222238172,1.873075739,-2.750686198,-0.222238172
0.846000,0.000000,0.000000,-0.212820978,1.736341422,-2.630238042,-0.212820978
0.847000,0.000000,0.000000,-0.210870369,1.553957793,-2.776253260,-0.210870369
0.848000,0.000000,0.000000,-0.209164881,1.520156873,-2.715424106,-0.209164881
0.849000,0.000000,0.000000,-0.207673710,1.679099062,-2.725070822,-0.207673710
0.850000,0.000000,0.000000,-0.235066770,1.813909853,-2.740879862,-0.235066770
0.851000,0.000000,0.000000,-0.242887042,1.810274247,-2.810159566,-0.242887042
0.852000,0.000000,0.000000,-0.256007776,1.807095504,-2.870733326,-0.256007776
0.853000,0.000000,0.000000,-0.267479710,1.867148068,-2.923695163,-0.267479710
0.854000,0.000000,0.000000,-0.264943667,1.731158644,-2.907169765,-0.264943667
0.855000,0.000000,0.000000,-0.254504414,1.571130996,-2.589615726,-0.254504414
0.856000,0.000000,0.000000,-0.253598896,1.409508322,-2.615071989,-0.253598896
0.857000,0.000000,0.000000,-0.253598896,1.409508322,-2.615071989,-0.253598896
0.858000,0.000000,0.000000,-0.269385350,1.199577212,-2.601853549,-0.269385350
0.859000,0.000000,0.000000,-0.269385350,1.199577212,-2.601853549,-0.269385350
0.860000,0.000000,0.000000,-0.262061327,1.068999213,-2.672865147,-0.262061327
0.861000,0.000000,0.000000,-0.279055734,1.158971839,-2.625028126,-0.279055734
0.862000,0.000000,0.000000,-0.281348191,1.111974465,-2.457538776,-0.281348191
0.863000,0.000000,0.000000,-0.264503013,1.070882955,-2.373928612,-0.264503013
0.864000,0.000000,0.000000,-0.268624218,0.909291450,-2.175161505,-0.268624218
0.865000,0.000000,0.000000,-0.275378051,0.644475252,-2.446157717,-0.275378051
0.866000,0.000000,0.000000,-0.278132659,0.536467720,-2.552473298,-0.278132659
0.867000,0.000000,0.000000,-0.277153294,0.720664700,-2.608935276,-0.277153294
0.868000,0.000000,0.000000,-0.279684818,0.854410332,-2.569131920,-0.279684818
0.869000,0.000000,0.000000,-0.278339864,0.736080005,-2.158493785,-0.278339864
0.870000,0.000000,0.000000,-0.274439094,0.993552199,-2.175294576,-0.274439094
0.871000,0.000000,0.000000,-0.264745324,1.030173923,-2.189984117,-0.264745324
0.872000,0.000000,0.000000,-0.262552894,0.936529919,-2.202827716,-0.262552894
0.873000,0.000000,0.000000,-0.254352788,0.728989862,-2.088393635,-0.254352788
0.874000,0.000000,0.000000,-0.258974440,0.569473040,-1.908754717,-0.258974440
0.875000,0.000000,0.000000,-0.257507201,0.533722417,-1.831274939,-0.257507201
0.876000,0.000000,0.000000,-0.262507526,0.565296202,-1.826363410,-0.262507526
0.877000,0.000000,0.000000,-0.273162677,0.655734162,-1.633573522,-0.273162677
0.878000,0.000000,0.000000,-0.282478862,0.734807353,-1.465010326,-0.282478862
0.879000,0.000000,0.000000,-0.285969427,0.809456347,-1.416409281,-0.285969427
0.880000,0.000000,0.000000,-0.287393083,0.932044091,-1.463631308,-0.287393083
0.881000,0.000000,0.000000,-0.287393083,0.932044091,-1.463631308,-0.287393083
0.882000,0.000000,0.000000,-0.287393083,0.932044091,-1.463631308,-0.287393083
0.883000,0.000000,0.000000,-0.287393083,0.932044091,-1.463631308,-0.287393083
0.884000,0.000000,0.000000,-0.284707351,0.200012616,-1.970708173,-0.284707351
0.885000,0.000000,0.000000,-0.280006419,0.085026053,-2.136770506,-0.280006419
0.886000,0.000000,0.000000,-0.257046668,0.110152833,-2.093469271,-0.257046668
0.887000,0.000000,0.000000,-0.262104865,0.257785796,-1.929945724,-0.262104865
0.888000,0.000000,0.000000,-0.260244245,0.386866653,-1.975466712,-0.260244245
0.889000,0.000000,0.000000,-0.245418259,0.017459964,-2.042170833,-0.245418259
0.890000,0.000000,0.000000,-0.258220911,-0.074586357,-2.136421050,-0.258220911
0.891000,0.000000,0.000000,-0.270488754,-0.280052037,-1.495273161,-0.270488754
0.892000,0.000000,0.000000,-0.259533002,-0.382502996,-1.329671788,-0.259533002
0.893000,0.000000,0.000000,-0.259533002,-0.382502996,-1.329671788,-0.259533002
0.894000,0.000000,0.000000,-0.280204946,-0.107518993,-1.493547723,-0.280204946
0.895000,0.000000,0.000000,-0.282352988,-0.183859995,-1.531076247,-0.282352988
0.896000,0.000000,0.000000,-0.277947914,-0.376271409,-1.438225092,-0.277947914
0.897000,0.000000,0.000000,-0.282505680,-0.456059238,-1.482451838,-0.282505680
0.898000,0.000000,0.000000,-0.282505680,-0.456059238,-1.482451838,-0.282505680
0.899000,0.000000,0.000000,-0.291483545,-0.218686259,-1.421847005,-0.291483545
0.900000,0.000000,0.000000,-0.292214277,-0.092562011,-1.405553854,-0.292214277
0.901000,0.000000,0.000000,-0.292853182,-0.233614415,-1.265644455,-0.292853182
0.902000,0.000000,0.000000,-0.316664256,-0.229235085,-1.342624478,-0.316664256
0.903000,0.000000,0.000000,-0.316664256,-0.229235085,-1.342624478,-0.316664256
0.904000,0.000000,0.000000,-0.320513872,-0.353112645,-1.336286724,-0.320513872
0.905000,0.000000,0.000000,-0.320513872,-0.353112645,-1.336286724,-0.320513872
0.906000,0.000000,0.000000,-0.320513872,-0.353112645,-1.336286724,-0.320513872
0.907000,0.000000,0.000000,-0.320513872,-0.353112645,-1.336286724,-0.320513872
0.908000,0.000000,0.000000,-0.317032390,0.262039584,-1.648656272,-0.317032390
0.909000,0.000000,0.000000,-0.312384353,0.691474158,-1.266327772,-0.312384353
0.910000,0.000000,0.000000,-0.310488612,0.766056128,-1.395241450,-0.310488612
0.911000,0.000000,0.000000,-0.308831096,0.768433999,-1.382291652,-0.308831096
0.912000,0.000000,0.000000,-0.299831574,0.764435169,-1.125533474,-0.299831574
0.913000,0.000000,0.000000,-0.299831574,0.764435169,-1.125533474,-0.299831574
0.914000,0.000000,0.000000,-0.292951764,0.698546356,-1.290450854,-0.292951764
0.915000,0.000000,0.000000,-0.293497994,0.583744048,-1.479164990,-0.293497994
0.916000,0.000000,0.000000,-0.277487836,0.444536005,-1.534931917,-0.277487836
0.917000,0.000000,0.000000,-0.286260506,0.550149138,-1.378764391,-0.286260506
0.918000,0.000000,0.000000,-0.287647584,0.830986093,-1.430717014,-0.287647584
0.919000,0.000000,0.000000,-0.282577171,0.950868330,-1.413309225,-0.282577171
0.920000,0.000000,0.000000,-0.278143926,1.118517573,-1.335257110,-0.278143926
0.921000,0.000000,0.000000,-0.288938709,0.922189104,-1.254385771,-0.288938709
0.922000,0.000000,0.000000,-0.283706049,1.030610432,-1.259136420,-0.283706049
0.923000,0.000000,0.000000,-0.285414130,1.062575281,-1.326121937,-0.285414130
0.924000,0.000000,0.000000,-0.286907567,0.964859603,-1.259026100,-0.286907567
0.925000,0.000000,0.000000,-0.288213333,0.879423239,-1.326025481,-0.288213333
0.926000,0.000000,0.000000,-0.290353223,1.281209731,-1.608528275,-0.290353223
0.927000,0.000000,0.000000,-0.291225995,1.533010756,-1.694439770,-0.291225995
0.928000,0.000000,0.000000,-0.304555462,1.627505824,-1.895219014,-0.304555462
0.929000,0.000000,0.000000,-0.304555462,1.627505824,-1.895219014,-0.304555462
0.930000,0.000000,0.000000,-0.304555462,1.627505824,-1.895219014,-0.304555462
0.931000,0.000000,0.000000,-0.304555462,1.627505824,-1.895219014,-0.304555462
0.932000,0.000000,0.000000,-0.259447091,1.660892536,-1.811818422,-0.259447091
0.933000,0.000000,0.000000,-0.276770013,1.990644919,-1.935015577,-0.276770013
0.934000,0.000000,0.000000,-0.266783331,1.964800129,-1.917067615,-0.266783331
0.935000,0.000000,0.000000,-0.258051612,1.753707533,-2.027038766,-0.258051612
0.936000,0.000000,0.000000,-0.279072477,1.643304978,-2.270091369,-0.279072477
0.937000,0.000000,0.000000,-0.268796459,1.661108213,-2.272868394,-0.268796459
0.938000,0.000000,0.000000,-0.259811763,1.676674227,-2.149632741,-0.259811763
0.939000,0.000000,0.000000,-0.239389747,1.627452305,-2.230378897,-0.239389747
0.940000,0.000000,0.000000,-0.246666779,1.710079499,-2.175314485,-0.246666779
0.941000,0.000000,0.000000,-0.260132985,1.562211961,-2.180837128,-0.260132985
0.942000,0.000000,0.000000,-0.258520159,1.401710086,-2.194830171,-0.258520159
0.943000,0.000000,0.000000,-0.263393192,1.135713765,-2.207064797,-0.263393192
0.944000,0.000000,0.000000,-0.273937047,0.965975380,-2.280593828,-0.273937047
0.945000,0.000000,0.000000,-0.278649948,1.292439554,-2.338261368,-0.278649948
0.946000,0.000000,0.000000,-0.280993398,1.542829397,-2.395303751,-0.280993398
0.947000,0.000000,0.000000,-0.289325545,1.573258766,-2.256682418,-0.289325545
0.948000,0.000000,0.000000,-0.290327459,1.474200561,-2.135480755,-0.290327459
0.949000,0.000000,0.000000,-0.284920284,1.324758525,-2.092341596,-0.284920284
0.950000,0.000000,0.000000,-0.299612608,1.142684731,-2.147308836,-0.299612608
0.951000,0.000000,0.000000,-0.274189070,1.160565908,-2.291178875,-0.274189070
0.952000,0.000000,0.000000,-0.283376275,1.176200070,-2.354137819,-0.283376275
0.953000,0.000000,0.000000,-0.283376275,1.176200070,-2.354137819,-0.283376275
0.954000,0.000000,0.000000,-0.283376275,1.176200070,-2.354137819,-0.283376275
0.955000,0.000000,0.000000,-0.300559283,1.157335022,-2.333595911,-0.300559283
0.956000,0.000000,0.000000,-0.299791257,0.708431916,-2.135347822,-0.299791257
0.957000,0.000000,0.000000,-0.305761196,0.529555499,-2.092225367,-0.305761196
0.958000,0.000000,0.000000,-0.304697745,0.561652915,-2.117353693,-0.304697745
0.959000,0.000000,0.000000,-0.284918376,0.589716851,-1.950828741,-0.284918376
0.960000,0.000000,0.000000,-0.282340730,0.510044329,-1.622991439,-0.282340730
0.961000,0.000000,0.000000,-0.303069937,0.733089150,-1.518589880,-0.303069937
0.962000,0.000000,0.000000,-0.314911051,0.865273479,-1.490139661,-0.314911051
0.963000,0.000000,0.000000,-0.312697795,0.666687770,-1.276769043,-0.312697795
0.964000,0.000000,0.000000,-0.310762666,0.493057078,-1.090211367,-0.310762666
0.965000,0.000000,0.000000,-0.319368177,0.271342908,-0.957184794,-0.319368177
0.966000,0.000000,0.000000,-0.314169978,0.510090655,-1.036090650,-0.314169978
0.967000,0.000000,0.000000,-0.305766663,0.544634095,-1.193936778,-0.305766663
0.968000,0.000000,0.000000,-0.304702526,0.574836679,-1.331947378,-0.304702526
0.969000,0.000000,0.000000,-0.291181814,0.867764409,-1.440351159,-0.291181814
0.970000,0.000000,0.000000,-0.291950462,0.983024946,-1.421732708,-0.291950462
0.971000,0.000000,0.000000,-0.305188890,1.020969564,-1.342622067,-0.305188890
0.972000,0.000000,0.000000,-0.316763728,0.991314067,-1.399116468,-0.316763728
0.973000,0.000000,0.000000,-0.314317658,1.153880749,-1.448511574,-0.314317658
0.974000,0.000000,0.000000,-0.304025853,1.106135803,-1.411692263,-0.304025853
0.975000,0.000000,0.000000,-0.296897287,1.065778001,-1.396675195,-0.296897287
0.976000,0.000000,0.000000,-0.296947708,1.093323563,-1.446377080,-0.296947708
0.977000,0.000000,0.000000,-0.296947708,1.093323563,-1.446377080,-0.296947708
0.978000,0.000000,0.000000,-0.302523954,0.722329316,-1.229460644,-0.302523954
0.979000,0.000000,0.000000,-0.302523954,0.722329316,-1.229460644,-0.302523954
0.980000,0.000000,0.000000,-0.302271111,0.474334348,-1.107156004,-0.302271111
0.981000,0.000000,0.000000,-0.301646237,0.387707352,-1.318903650,-0.301646237
0.982000,0.000000,0.000000,-0.307383073,0.374798079,-1.378378596,-0.307383073
0.983000,0.000000,0.000000,-0.306115811,0.489174739,-1.241884140,-0.306115811
0.984000,0.000000,0.000000,-0.304039022,0.543055848,-1.081028846,-0.304039022
0.985000,0.000000,0.000000,-0.303191986,0.573456760,-1.044732315,-0.303191986
0.986000,0.000000,0.000000,-0.302451392,0.662869234,-1.075828794,-0.302451392
0.987000,0.000000,0.000000,-0.301803863,0.615382098,-1.103017574,-0.301803863
0.988000,0.000000,0.000000,-0.307520891,0.636694226,-0.938294152,-0.307520891
0.989000,0.000000,0.000000,-0.316889957,0.915052274,-0.848945242,-0.316889957
0.990000,0.000000,0.000000,-0.314428025,0.961538590,-0.904645050,-0.314428025
0.991000,0.000000,0.000000,-0.304899793,1.147592714,-1.003821593,-0.304899793
0.992000,0.000000,0.000000,-0.285095033,1.102025283,-1.102890918,-0.285095033
0.993000,0.000000,0.000000,-0.258132605,0.964517513,-1.492886114,-0.258132605
0.994000,0.000000,0.000000,-0.250487969,0.879124137,-1.467665925,-0.250487969
0.995000,0.000000,0.000000,-0.262653542,0.741629756,-1.382783146,-0.262653542
0.996000,0.000000,0.000000,-0.279573530,0.935572694,-1.245735198,-0.279573530
0.997000,0.000000,0.000000,-0.300650474,1.167975897,-1.125909204,-0.300650474
0.998000,0.000000,0.000000,-0.317131388,1.368238447,-1.165074379,-0.317131388
0.999000,0.000000,0.000000,-0.314639117,1.232112003,-1.369543787,-0.314639117
1.000000,0.000000,0.000000,-0.299893663,1.301587271,-1.485486959,-0.299893663
1.001000,0.000000,0.000000,-0.299893663,1.301587271,-1.485486959,-0.299893663
1.002000,0.000000,0.000000,-0.299893663,1.301587271,-1.485486959,-0.299893663
1.003000,0.000000,0.000000,-0.299893663,1.301587271,-1.485486959,-0.299893663
1.004000,0.000000,0.000000,-0.298966328,1.499470790,-1.444809617,-0.298966328
1.005000,0.000000,0.000000,-0.286796697,1.456845836,-1.291094227,-0.286796697
1.006000,0.000000,0.000000,-0.275550025,1.560912070,-1.165568249,-0.275550025
1.007000,0.000000,0.000000,-0.284566207,1.463405397,-1.244311890,-0.284566207
1.008000,0.000000,0.000000,-0.315665218,1.102235738,-1.150316076,-0.315665218
1.009000,0.000000,0.000000,-0.319640377,1.062368032,-1.042480802,-0.319640377
1.010000,0.000000,0.000000,-0.319640377,1.062368032,-1.042480802,-0.319640377
1.011000,0.000000,0.000000,-0.339704342,1.150396908,-0.985623191,-0.339704342
1.012000,0.000000,0.000000,-0.334375469,1.230140797,-0.961315688,-0.334375469
1.013000,0.000000,0.000000,-0.323433058,1.237031921,-1.065726462,-0.323433058
1.014000,0.000000,0.000000,-0.305500631,1.303261266,-1.017090187,-0.305500631
1.015000,0.000000,0.000000,-0.304469923,1.426627507,-1.302987691,-0.304469923
1.016000,0.000000,0.000000,-0.309851924,1.408827383,-1.238798989,-0.309851924
1.017000,0.000000,0.000000,-0.320840788,1.330432235,-0.931349065,-0.320840788
1.018000,0.000000,0.000000,-0.324165565,1.324720365,-0.913861850,-0.324165565
1.019000,0.000000,0.000000,-0.324120594,1.378191605,-1.065803674,-0.324120594
1.020000,0.000000,0.000000,-0.320750033,1.429309969,-1.094252247,-0.320750033
1.021000,0.000000,0.000000,-0.305236659,1.411172756,-0.930630309,-0.305236659
1.022000,0.000000,0.000000,-0.305236659,1.411172756,-0.930630309,-0.305236659
1.023000,0.000000,0.000000,-0.305236659,1.411172756,-0.930630309,-0.305236659
1.024000,0.000000,0.000000,-0.305236659,1.411172756,-0.930630309,-0.305236659
1.025000,0.000000,0.000000,-0.295365928,1.266172935,-1.238386348,-0.295365928
1.026000,0.000000,0.000000,-0.289325600,1.268536127,-1.245147544,-0.289325600
1.027000,0.000000,0.000000,-0.290327507,1.144938645,-1.313890955,-0.290327507
1.028000,0.000000,0.000000,-0.292639106,0.954847853,-1.163589104,-0.292639106
1.029000,0.000000,0.000000,-0.299507811,1.059165162,-1.305413305,-0.299507811
1.030000,0.000000,0.000000,-0.299230184,1.024709865,-1.429415350,-0.299230184
1.031000,0.000000,0.000000,-0.292704259,0.994584348,-1.412171133,-0.292704259
1.032000,0.000000,0.000000,-0.293281591,1.031076368,-1.522757594,-0.293281591
1.033000,0.000000,0.000000,-0.280871785,0.902383941,-1.594114376,-0.280871785
1.034000,0.000000,0.000000,-0.276652844,0.887630353,-1.619005322,-0.276652844
1.035000,0.000000,0.000000,-0.279247257,0.811898903,-1.452272820,-0.279247257
1.036000,0.000000,0.000000,-0.287798831,0.745684147,-1.432156248,-0.287798831
1.037000,0.000000,0.000000,-0.288992598,0.687790183,-1.414567600,-0.288992598
1.038000,0.000000,0.000000,-0.285455326,0.836345269,-1.330807149,-0.285455326
1.039000,0.000000,0.000000,-0.286943586,1.081217758,-1.263122551,-0.286943586
1.040000,0.000000,0.000000,-0.281961640,1.295318662,-1.078279744,-0.281961640
1.041000,0.000000,0.000000,-0.283888930,1.294019294,-0.916664969,-0.283888930
1.042000,0.000000,0.000000,-0.316989956,1.292883209,-0.901023012,-0.316989956
1.043000,0.000000,0.000000,-0.317845531,1.165357687,-1.055988845,-0.317845531
1.044000,0.000000,0.000000,-0.308980332,1.117557844,-1.022838933,-0.308980332
1.045000,0.000000,0.000000,-0.301229168,1.138596559,-0.931022910,-0.301229168
1.046000,0.000000,0.000000,-0.300735228,1.156991471,-0.850744828,-0.300735228
1.047000,0.000000,0.000000,-0.300735228,1.156991471,-0.850744828,-0.300735228
1.048000,0.000000,0.000000,-0.300735228,1.156991471,-0.850744828,-0.300735228
1.049000,0.000000,0.000000,-0.277836860,0.951951377,-1.145071809,-0.277836860
1.050000,0.000000,0.000000,-0.273999300,0.868137108,-1.226391108,-0.273999300
1.051000,0.000000,0.000000,-0.271773669,0.248997250,-1.608359612,-0.271773669
1.052000,0.000000,0.000000,-0.271773669,0.248997250,-1.608359612,-0.271773669
1.053000,0.000000,0.000000,-0.259725705,0.493008204,-1.353290451,-0.259725705
1.054000,0.000000,0.000000,-0.264447245,0.592530142,-1.282780518,-0.264447245
1.055000,0.000000,0.000000,-0.274858643,0.616713931,-1.158299271,-0.274858643
1.056000,0.000000,0.000000,-0.280144044,0.719178183,-1.252667271,-0.280144044
1.057000,0.000000,0.000000,-0.280144044,0.719178183,-1.252667271,-0.280144044
1.058000,0.000000,0.000000,-0.241781382,0.609012851,-1.316912522,-0.241781382
1.059000,0.000000,0.000000,-0.223625130,0.693957215,-1.439469534,-0.223625130
1.060000,0.000000,0.000000,-0.220316831,0.579731596,-1.358130018,-0.220316831
1.061000,0.000000,0.000000,-0.244731980,0.745842690,-1.224830798,-0.244731980
1.062000,0.000000,0.000000,-0.244731980,0.745842690,-1.224830798,-0.244731980
1.063000,0.000000,0.000000,-0.257113296,0.809996782,-1.185760203,-0.257113296
1.064000,0.000000,0.000000,-0.262163120,0.681189201,-1.199134595,-0.262163120
1.065000,0.000000,0.000000,-0.266578365,0.631399911,-1.273660164,-0.266578365
1.066000,0.000000,0.000000,-0.256543651,0.620532746,-1.458624538,-0.256543651
1.067000,0.000000,0.000000,-0.256543651,0.620532746,-1.458624538,-0.256543651
1.068000,0.000000,0.000000,-0.260649275,0.604329507,-1.238823384,-0.260649275
1.069000,0.000000,0.000000,-0.265254756,0.752694250,-1.182697807,-0.265254756
1.070000,0.000000,0.000000,-0.265254756,0.752694250,-1.182697807,-0.265254756
1.071000,0.000000,0.000000,-0.265254756,0.752694250,-1.182697807,-0.265254756
1.072000,0.000000,0.000000,-0.265254756,0.752694250,-1.182697807,-0.265254756
1.073000,0.000000,0.000000,-0.231123826,1.178799782,-1.686931357,-0.231123826
1.074000,0.000000,0.000000,-0.233156398,1.129310755,-1.574494871,-0.233156398
1.075000,0.000000,0.000000,-0.233156398,1.129310755,-1.574494871,-0.233156398
1.076000,0.000000,0.000000,-0.265413252,1.291794980,-2.048019716,-0.265413252
1.077000,0.000000,0.000000,-0.265413252,1.291794980,-2.048019716,-0.265413252
1.078000,0.000000,0.000000,-0.255652963,1.392166137,-2.215403013,-0.255652963
1.079000,0.000000,0.000000,-0.242036743,1.253032850,-2.225052379,-0.242036743
1.080000,0.000000,0.000000,-0.242697958,1.382710980,-2.107825464,-0.242697958
1.081000,0.000000,0.000000,-0.248485605,1.469563825,-2.214081865,-0.248485605
1.082000,0.000000,0.000000,-0.248485605,1.469563825,-2.214081865,-0.248485605
1.083000,0.000000,0.000000,-0.224652400,1.488919209,-2.114711178,-0.224652400
1.084000,0.000000,0.000000,-0.221215011,1.588954985,-2.137013854,-0.221215011
1.085000,0.000000,0.000000,-0.224492762,1.676419894,-2.282177598,-0.224492762
1.086000,0.000000,0.000000,-0.236147526,1.576325681,-2.276640251,-0.236147526
1.087000,0.000000,0.000000,-0.236147526,1.576325681,-2.276640251,-0.236147526
1.088000,0.000000,0.000000,-0.262327592,1.625470969,-2.280302831,-0.262327592
1.089000,0.000000,0.000000,-0.266722169,1.771178997,-2.344628499,-0.266722169
1.090000,0.000000,0.000000,-0.264281322,2.024240521,-2.400870765,-0.264281322
1.091000,0.000000,0.000000,-0.266564446,2.077758058,-2.312440729,-0.266564446
1.092000,0.000000,0.000000,-0.266564446,2.077758058,-2.312440729,-0.266564446
1.093000,0.000000,0.000000,-0.255743442,1.953861777,-2.362607176,-0.255743442
1.094000,0.000000,0.000000,-0.260965407,2.058303000,-2.416590175,-0.260965407
1.095000,0.000000,0.000000,-0.260965407,2.058303000,-2.416590175,-0.260965407
1.096000,0.000000,0.000000,-0.260965407,2.058303000,-2.416590175,-0.260965407
1.097000,0.000000,0.000000,-0.260965407,2.058303000,-2.416590175,-0.260965407
1.098000,0.000000,0.000000,-0.293230072,1.623325678,-2.249840916,-0.293230072
1.099000,0.000000,0.000000,-0.300024514,1.392312174,-2.129498981,-0.300024514
1.100000,0.000000,0.000000,-0.300024514,1.392312174,-2.129498981,-0.300024514
1.101000,0.000000,0.000000,-0.316652864,1.492694959,-2.003010126,-0.316652864
1.102000,0.000000,0.000000,-0.320503911,1.466592554,-1.976517717,-0.320503911
1.103000,0.000000,0.000000,-0.315038206,1.604415801,-1.980142436,-0.315038206
1.104000,0.000000,0.000000,-0.325375342,1.878433407,-1.830859959,-0.325375342
1.105000,0.000000,0.000000,-0.334413476,1.992353238,-1.826000578,-0.334413476
1.106000,0.000000,0.000000,-0.342941986,1.825741018,-1.700269000,-0.342941986
1.107000,0.000000,0.000000,-0.342941986,1.825741018,-1.700269000,-0.342941986
1.108000,0.000000,0.000000,-0.343968108,1.643435811,-1.784751616,-0.343968108
1.109000,0.000000,0.000000,-0.363236176,1.598390752,-1.911350086,-0.363236176
1.110000,0.000000,0.000000,-0.373799762,1.370510663,-1.896376017,-0.373799762
1.111000,0.000000,0.000000,-0.378544999,1.051996885,-1.989604531,-0.378544999
1.112000,0.000000,0.000000,-0.378544999,1.051996885,-1.989604531,-0.378544999
1.113000,0.000000,0.000000,-0.359408526,1.106872481,-1.825338325,-0.359408526
1.114000,0.000000,0.000000,-0.357886738,1.129253959,-1.821172813,-0.357886738
1.115000,0.000000,0.000000,-0.350272998,1.148822897,-1.943194460,-0.350272998
1.116000,0.000000,0.000000,-0.333091551,1.063124454,-2.009604177,-0.333091551
1.117000,0.000000,0.000000,-0.333091551,1.063124454,-2.009604177,-0.333091551
1.118000,0.000000,0.000000,-0.312094633,0.989715401,-1.903459186,-0.312094633
1.119000,0.000000,0.000000,-0.303952113,1.026819271,-1.826644864,-0.303952113
1.120000,0.000000,0.000000,-0.303952113,1.026819271,-1.826644864,-0.303952113
1.121000,0.000000,0.000000,-0.303952113,1.026819271,-1.826644864,-0.303952113
1.122000,0.000000,0.000000,-0.303952113,1.026819271,-1.826644864,-0.303952113
1.123000,0.000000,0.000000,-0.302436122,1.223289817,-1.193146025,-0.302436122
1.124000,0.000000,0.000000,-0.319482823,0.945378013,-1.391789934,-0.319482823
1.125000,0.000000,0.000000,-0.329261432,0.799557925,-1.316442013,-0.329261432
1.126000,0.000000,0.000000,-0.329261432,0.799557925,-1.316442013,-0.329261432
1.127000,0.000000,0.000000,-0.320943447,0.560587927,-1.365666013,-0.320943447
1.128000,0.000000,0.000000,-0.321657400,0.252240272,-1.120719456,-0.321657400
1.129000,0.000000,0.000000,-0.318596374,0.319186147,-1.393594522,-0.318596374
1.130000,0.000000,0.000000,-0.322203192,0.377719355,-1.380851683,-0.322203192
1.131000,0.000000,0.000000,-0.291994072,0.120339524,-1.312928229,-0.291994072
1.132000,0.000000,0.000000,-0.291994072,0.120339524,-1.312928229,-0.291994072
1.133000,0.000000,0.000000,-0.269689857,0.096286112,-1.614307265,-0.269689857
1.134000,0.000000,0.000000,-0.266876079,0.182829765,-1.699492550,-0.266876079
1.135000,0.000000,0.000000,-0.264415891,0.132834315,-1.585477578,-0.264415891
1.136000,0.000000,0.000000,-0.248607332,-0.066866262,-1.280861791,-0.248607332
1.137000,0.000000,0.000000,-0.248607332,-0.066866262,-1.280861791,-0.248607332
1.138000,0.000000,0.000000,-0.266359048,0.023901573,-1.228593877,-0.266359048
1.139000,0.000000,0.000000,-0.276530202,0.119541335,-1.299417484,-0.276530202
1.140000,0.000000,0.000000,-0.279140026,0.077498945,-1.298509281,-0.279140026
1.141000,0.000000,0.000000,-0.277133822,-0.062127673,-1.179252894,-0.277133822
1.142000,0.000000,0.000000,-0.277133822,-0.062127673,-1.179252894,-0.277133822
1.143000,0.000000,0.000000,-0.247342497,-0.215907675,-1.402244950,-0.247342497
1.144000,0.000000,0.000000,-0.253620157,-0.278628153,-1.514078773,-0.253620157
1.145000,0.000000,0.000000,-0.253620157,-0.278628153,-1.514078773,-0.253620157
1.146000,0.000000,0.000000,-0.253620157,-0.278628153,-1.514078773,-0.253620157
1.147000,0.000000,0.000000,-0.245058431,-0.318582635,-1.752288238,-0.245058431
1.148000,0.000000,0.000000,-0.245058431,-0.318582635,-1.752288238,-0.245058431
1.149000,0.000000,0.000000,-0.244476839,0.078753159,-1.493739311,-0.244476839
1.150000,0.000000,0.000000,-0.244831423,0.418827480,-1.719739319,-0.244831423
1.151000,0.000000,0.000000,-0.251695699,0.442237418,-1.917403996,-0.251695699
1.152000,0.000000,0.000000,-0.268719993,0.342365449,-2.060615833,-0.268719993
1.153000,0.000000,0.000000,-0.278594463,0.397985861,-1.901220771,-0.278594463
1.154000,0.000000,0.000000,-0.268378514,0.572280511,-1.761855883,-0.268378514
1.155000,0.000000,0.000000,-0.264992553,0.795082774,-1.651232693,-0.264992553
1.156000,0.000000,0.000000,-0.262769056,0.793813049,-1.543282233,-0.262769056
1.157000,0.000000,0.000000,-0.241975415,0.729871029,-1.574560935,-0.241975415
1.158000,0.000000,0.000000,-0.236361151,0.673964199,-1.790404598,-0.236361151
1.159000,0.000000,0.000000,-0.237735582,0.625082830,-1.916292693,-0.237735582
1.160000,0.000000,0.000000,-0.216434395,1.078879973,-2.232470474,-0.216434395
1.161000,0.000000,0.000000,-0.220312896,1.167610945,-2.177143227,-0.220312896
1.162000,0.000000,0.000000,-0.223704010,1.308023508,-2.254432313,-0.223704010
1.163000,0.000000,0.000000,-0.214102613,1.305127602,-2.447672672,-0.214102613
1.164000,0.000000,0.000000,-0.193141393,1.302595606,-2.490966025,-0.193141393
1.165000,0.000000,0.000000,-0.194910116,1.243510001,-2.506979014,-0.194910116
1.166000,0.000000,0.000000,-0.220342993,1.374384808,-2.479987859,-0.220342993
1.167000,0.000000,0.000000,-0.230013510,1.488813401,-2.393556660,-0.230013510
1.168000,0.000000,0.000000,-0.238468794,1.526030620,-2.443650432,-0.238468794
1.169000,0.000000,0.000000,-0.233295186,1.621402838,-2.550281088,-0.233295186
1.170000,0.000000,0.000000,-0.233295186,1.621402838,-2.550281088,-0.233295186
1.171000,0.000000,0.000000,-0.233295186,1.621402838,-2.550281088,-0.233295186
1.172000,0.000000,0.000000,-0.233295186,1.621402838,-2.550281088,-0.233295186
1.173000,0.000000,0.000000,-0.251578313,1.829137722,-2.641385178,-0.251578313
1.174000,0.000000,0.000000,-0.244757313,1.886420378,-2.785999606,-0.244757313
1.175000,0.000000,0.000000,-0.228085441,1.980295210,-2.724625868,-0.228085441
1.176000,0.000000,0.000000,-0.256530214,1.923423635,-2.904935333,-0.256530214
1.177000,0.000000,0.000000,-0.255370126,1.906026121,-2.953599218,-0.255370126
1.178000,0.000000,0.000000,-0.241789448,1.890814843,-2.996147820,-0.241789448
1.179000,0.000000,0.000000,-0.242481739,1.814683218,-3.033349606,-0.242481739
1.180000,0.000000,0.000000,-0.256182636,1.391550793,-2.929507395,-0.256182636
1.181000,0.000000,0.000000,-0.267632596,1.252494833,-3.100747170,-0.267632596
1.182000,0.000000,0.000000,-0.277643712,1.319408719,-3.061972762,-0.277643712
1.183000,0.000000,0.000000,-0.267547237,1.315082105,-3.153734595,-0.267547237
1.184000,0.000000,0.000000,-0.258719524,1.311299189,-3.359629003,-0.258719524
1.185000,0.000000,0.000000,-0.237969479,1.360035916,-3.398680911,-0.237969479
1.186000,0.000000,0.000000,-0.245424987,1.287772085,-3.510962603,-0.245424987
1.187000,0.000000,0.000000,-0.258226793,1.224589194,-3.483470856,-0.258226793
1.188000,0.000000,0.000000,-0.275703062,1.043682394,-3.459433824,-0.275703062
1.189000,0.000000,0.000000,-0.265850457,1.136836425,-3.501249227,-0.265850457
1.190000,0.000000,0.000000,-0.243420820,1.281601591,-3.687544343,-0.243420820
1.191000,0.000000,0.000000,-0.237624922,1.156362254,-3.512198974,-0.237624922
1.192000,0.000000,0.000000,-0.226274172,1.046860957,-3.421720007,-0.226274172
1.193000,0.000000,0.000000,-0.216349799,1.139615558,-3.342610962,-0.216349799
1.194000,0.000000,0.000000,-0.207672560,1.220714272,-3.336274906,-0.207672560
1.195000,0.000000,0.000000,-0.207672560,1.220714272,-3.336274906,-0.207672560
1.196000,0.000000,0.000000,-0.207672560,1.220714272,-3.336274906,-0.207672560
1.197000,0.000000,0.000000,-0.230238120,1.101915568,-3.204361766,-0.230238120
1.198000,0.000000,0.000000,-0.251231550,0.999256243,-3.026903057,-0.251231550
1.199000,0.000000,0.000000,-0.257020496,1.035161176,-2.808912614,-0.257020496
1.200000,0.000000,0.000000,-0.254730621,0.842674776,-2.993469450,-0.254730621
1.201000,0.000000,0.000000,-0.253769663,1.009685127,-2.883229085,-0.253769663
1.202000,0.000000,0.000000,-0.270305464,0.886031108,-2.861786154,-0.270305464
1.203000,0.000000,0.000000,-0.279980697,0.873332478,-3.041536031,-0.279980697
1.204000,0.000000,0.000000,-0.288440105,1.176388870,-3.073034167,-0.288440105
1.205000,0.000000,0.000000,-0.276986916,1.252866513,-2.974910424,-0.276986916
1.206000,0.000000,0.000000,-0.260689792,1.068406280,-2.951949127,-0.260689792
1.207000,0.000000,0.000000,-0.227698876,1.190144409,-2.678784103,-0.227698876
1.208000,0.000000,0.000000,-0.223878655,1.202061627,-2.755866991,-0.223878655
1.209000,0.000000,0.000000,-0.226821682,1.149649431,-2.760431504,-0.226821682
1.210000,0.000000,0.000000,-0.229394878,1.292319104,-2.701590570,-0.229394878
1.211000,0.000000,0.000000,-0.225361531,1.479892231,-2.775807512,-0.225361531
1.212000,0.000000,0.000000,-0.230528484,1.433983050,-2.834602402,-0.230528484
1.213000,0.000000,0.000000,-0.232635869,1.478090454,-2.829272732,-0.232635869
1.214000,0.000000,0.000000,-0.247044803,1.390991452,-2.761780954,-0.247044803
1.215000,0.000000,0.000000,-0.253359872,1.314837633,-2.639938590,-0.253359872
1.216000,0.000000,0.000000,-0.246314995,1.436749145,-2.721902949,-0.246314995
1.217000,0.000000,0.000000,-0.253619405,1.455937885,-2.738458137,-0.253619405
1.218000,0.000000,0.000000,-0.253619405,1.455937885,-2.738458137,-0.253619405
1.219000,0.000000,0.000000,-0.253619405,1.455937885,-2.738458137,-0.253619405
1.220000,0.000000,0.000000,-0.253619405,1.455937885,-2.738458137,-0.253619405
1.221000,0.000000,0.000000,-0.250574854,0.900425412,-2.775588085,-0.250574854
1.222000,0.000000,0.000000,-0.243519975,0.700529339,-2.944306998,-0.243519975
1.223000,0.000000,0.000000,-0.243994802,0.648309695,-2.862359588,-0.243994802
1.224000,0.000000,0.000000,-0.256976330,0.728315872,-2.853541846,-0.256976330
1.225000,0.000000,0.000000,-0.236636870,0.859430014,-2.886131816,-0.236636870
1.226000,0.000000,0.000000,-0.245431259,1.014598219,-2.707092361,-0.245431259
1.227000,0.000000,0.000000,-0.245665907,0.985743369,-2.906281634,-0.245665907
1.228000,0.000000,0.000000,-0.239587882,0.897682673,-3.080440045,-0.239587882
1.229000,0.000000,0.000000,-0.246840015,0.946351717,-3.044217505,-0.246840015
1.230000,0.000000,0.000000,-0.253180818,0.926072976,-3.075378676,-0.253180818
1.231000,0.000000,0.000000,-0.280842547,0.775072146,-3.299149805,-0.280842547
1.232000,0.000000,0.000000,-0.289193652,0.776317030,-3.423938945,-0.289193652
1.233000,0.000000,0.000000,-0.296495325,0.777405478,-3.470214766,-0.296495325
1.234000,0.000000,0.000000,-0.296596258,0.778357147,-3.385011690,-0.296596258
1.235000,0.000000,0.000000,-0.290401322,0.716357372,-3.499011108,-0.290401322
1.236000,0.000000,0.000000,-0.278669923,0.724624466,-3.387465483,-0.278669923
1.237000,0.000000,0.000000,-0.255878120,0.669376939,-3.312660989,-0.255878120
1.238000,0.000000,0.000000,-0.248516791,0.746735728,-3.310088558,-0.248516791
1.239000,0.000000,0.000000,-0.242080514,0.814373324,-3.433503094,-0.242080514
1.240000,0.000000,0.000000,-0.230169858,0.747847624,-3.478577049,-0.230169858
1.241000,0.000000,0.000000,-0.228710659,0.874361334,-3.552444257,-0.228710659
1.242000,0.000000,0.000000,-0.237329664,0.863129171,-3.708235331,-0.237329664
1.243000,0.000000,0.000000,-0.237329664,0.863129171,-3.708235331,-0.237329664
1.244000,0.000000,0.000000,-0.237329664,0.863129171,-3.708235331,-0.237329664
1.245000,0.000000,0.000000,-0.237329664,0.863129171,-3.708235331,-0.237329664
1.246000,0.000000,0.000000,-0.216007259,0.717371389,-3.619976928,-0.216007259
1.247000,0.000000,0.000000,-0.232505806,0.600203458,-3.578786037,-0.232505806
1.248000,0.000000,0.000000,-0.228081529,0.497759283,-3.605603199,-0.228081529
1.249000,0.000000,0.000000,-0.224213222,0.408188623,-3.629050417,-0.224213222
1.250000,0.000000,0.000000,-0.227114207,0.392705598,-3.838046730,-0.227114207
1.251000,0.000000,0.000000,-0.231078772,0.665699909,-3.646645996,-0.231078772
1.252000,0.000000,0.000000,-0.226833821,0.743520767,-3.602103771,-0.226833821
1.253000,0.000000,0.000000,-0.235688677,0.811562368,-3.500327033,-0.235688677
1.254000,0.000000,0.000000,-0.224581243,0.745389902,-3.348508085,-0.224581243
1.255000,0.000000,0.000000,-0.221152795,0.687532914,-3.341430975,-0.221152795
1.256000,0.000000,0.000000,-0.228100625,0.718380573,-3.808800779,-0.228100625
1.257000,0.000000,0.000000,-0.224229919,0.852413237,-3.869545289,-0.224229919
1.258000,0.000000,0.000000,-0.220845620,0.906771006,-3.796992712,-0.220845620
1.259000,0.000000,0.000000,-0.217886604,0.891466123,-3.922052921,-0.217886604
1.260000,0.000000,0.000000,-0.209016245,1.003748215,-4.031397600,-0.209016245
1.261000,0.000000,0.000000,-0.212539484,1.124924282,-3.857287620,-0.212539484
1.262000,0.000000,0.000000,-0.210624249,1.145037303,-3.786275388,-0.210624249
1.263000,0.000000,0.000000,-0.215232874,1.225454700,-3.724186816,-0.215232874
1.264000,0.000000,0.000000,-0.206695992,1.295766550,-3.669900524,-0.206695992
1.265000,0.000000,0.000000,-0.205515071,1.168747192,-3.559604195,-0.205515071
1.266000,0.000000,0.000000,-0.197296593,1.015524007,-3.441682398,-0.197296593
1.267000,0.000000,0.000000,-0.191013650,0.986552819,-3.548560364,-0.191013650
1.268000,0.000000,0.000000,-0.191013650,0.986552819,-3.548560364,-0.191013650
1.269000,0.000000,0.000000,-0.209764383,1.119674705,-3.896416194,-0.209764383
1.270000,0.000000,0.000000,-0.209764383,1.119674705,-3.896416194,-0.209764383
1.271000,0.000000,0.000000,-0.187570699,0.938953672,-3.887192554,-0.187570699
1.272000,0.000000,0.000000,-0.182509948,0.856772743,-3.812422357,-0.182509948
1.273000,0.000000,0.000000,-0.184368335,0.910582681,-3.872711766,-0.184368335
1.274000,0.000000,0.000000,-0.185993191,0.831966956,-3.988256838,-0.185993191
1.275000,0.000000,0.000000,-0.187413861,0.826062227,-4.089282087,-0.187413861
1.276000,0.000000,0.000000,-0.184248438,1.169689624,-4.254842292,-0.184248438
1.277000,0.000000,0.000000,-0.192171546,1.372672826,-4.259535572,-0.192171546
1.278000,0.000000,0.000000,-0.186532635,1.424484700,-4.326470931,-0.186532635
1.279000,0.000000,0.000000,-0.181602331,1.281290143,-4.259331238,-0.181602331
1.280000,0.000000,0.000000,-0.177291588,1.218921797,-4.137796714,-0.177291588
1.281000,0.000000,0.000000,-0.188287128,1.226584876,-4.119225783,-0.188287128
1.282000,0.000000,0.000000,-0.176853162,1.045427291,-4.203792990,-0.176853162
1.283000,0.000000,0.000000,-0.166856032,0.887034640,-4.214901315,-0.166856032
1.284000,0.000000,0.000000,-0.170681548,0.937041755,-4.224613726,-0.170681548
1.285000,0.000000,0.000000,-0.167743151,0.980764791,-4.358769346,-0.167743151
1.286000,0.000000,0.000000,-0.192764494,1.115249966,-4.091760152,-0.192764494
1.287000,0.000000,0.000000,-0.180767886,1.199410550,-3.802787674,-0.180767886
1.288000,0.000000,0.000000,-0.176562002,1.084499645,-3.738624107,-0.176562002
1.289000,0.000000,0.000000,-0.172884645,0.984028870,-3.682523571,-0.172884645
1.290000,0.000000,0.000000,-0.169669398,1.021847331,-3.570640984,-0.169669398
1.291000,0.000000,0.000000,-0.194237041,1.201592256,-3.387287772,-0.194237041
1.292000,0.000000,0.000000,-0.200904943,1.274902749,-3.438169316,-0.200904943
1.293000,0.000000,0.000000,-0.200904943,1.274902749,-3.438169316,-0.200904943
1.294000,0.000000,0.000000,-0.200904943,1.274902749,-3.438169316,-0.200904943
1.295000,0.000000,0.000000,-0.200904943,1.274902749,-3.438169316,-0.200904943
1.296000,0.000000,0.000000,-0.182957093,0.857331841,-3.011684876,-0.182957093
1.297000,0.000000,0.000000,-0.178476105,0.785407814,-2.921270513,-0.178476105
1.298000,0.000000,0.000000,-0.180841400,0.785353880,-2.716554247,-0.180841400
1.299000,0.000000,0.000000,-0.195475834,0.848138576,-2.726058945,-0.195475834
1.300000,0.000000,0.000000,-0.208271250,0.903033515,-2.734369247,-0.208271250
1.301000,0.000000,0.000000,-0.204897209,1.000891038,-2.630220150,-0.204897209
1.302000,0.000000,0.000000,-0.204897209,1.000891038,-2.630220150,-0.204897209
1.303000,0.000000,0.000000,-0.192120211,0.950035880,-2.841074135,-0.192120211
1.304000,0.000000,0.000000,-0.199054122,0.929294173,-2.834931202,-0.199054122
1.305000,0.000000,0.000000,-0.211399878,0.911158946,-3.018055773,-0.211399878
1.306000,0.000000,0.000000,-0.219855303,0.583071032,-2.721424567,-0.219855303
1.307000,0.000000,0.000000,-0.210737549,0.419947929,-2.604653537,-0.210737549
1.308000,0.000000,0.000000,-0.215331937,0.340155332,-2.753883799,-0.215331937
1.309000,0.000000,0.000000,-0.213065791,0.270389769,-2.884361233,-0.213065791
1.310000,0.000000,0.000000,-0.211084418,0.209391205,-2.872778683,-0.211084418
1.311000,0.000000,0.000000,-0.219614145,0.054490573,-2.853797198,-0.219614145
1.312000,0.000000,0.000000,-0.204243511,0.146286408,-3.034550997,-0.204243511
1.313000,0.000000,0.000000,-0.203370778,0.226546839,-3.066926898,-0.203370778
1.314000,0.000000,0.000000,-0.202607716,0.359553299,-2.843906911,-0.202607716
1.315000,0.000000,0.000000,-0.208223728,0.413013821,-2.648912442,-0.208223728
1.316000,0.000000,0.000000,-0.192294510,0.320025063,-2.509955334,-0.192294510
1.317000,0.000000,0.000000,-0.186640148,0.315620997,-2.482590164,-0.186640148
1.318000,0.000000,0.000000,-0.186640148,0.315620997,-2.482590164,-0.186640148
1.319000,0.000000,0.000000,-0.186640148,0.315620997,-2.482590164,-0.186640148
1.320000,0.000000,0.000000,-0.186640148,0.315620997,-2.482590164,-0.186640148
1.321000,0.000000,0.000000,-0.173839768,0.311242514,-2.305199364,-0.173839768
1.322000,0.000000,0.000000,-0.170504497,0.245110242,-2.303564588,-0.170504497
1.323000,0.000000,0.000000,-0.180154719,0.061624691,-2.364967098,-0.180154719
1.324000,0.000000,0.000000,-0.182309073,0.026860320,-2.355821687,-0.182309073
1.325000,0.000000,0.000000,-0.184192703,0.184960129,-2.347825522,-0.184192703
1.326000,0.000000,0.000000,-0.187279596,-0.215513516,-2.334721406,-0.187279596
1.327000,0.000000,0.000000,-0.194821797,-0.466779085,-2.203713074,-0.194821797
1.328000,0.000000,0.000000,-0.195133032,-0.435142279,-2.089167736,-0.195133032
1.329000,0.000000,0.000000,-0.195133032,-0.435142279,-2.089167736,-0.195133032
1.330000,0.000000,0.000000,-0.189359898,-0.626727602,-2.089946365,-0.189359898
1.331000,0.000000,0.000000,-0.167676126,-0.757396309,-2.310286278,-0.167676126
1.332000,0.000000,0.000000,-0.158832215,-0.814903171,-2.182348555,-0.158832215
1.333000,0.000000,0.000000,-0.163666034,-0.928015361,-2.258983520,-0.163666034
1.334000,0.000000,0.000000,-0.161609232,-0.901249748,-2.263156399,-0.161609232
1.335000,0.000000,0.000000,-0.159810896,-0.815015749,-2.203973044,-0.159810896
1.336000,0.000000,0.000000,-0.151370164,-0.367431866,-2.224751372,-0.151370164
1.337000,0.000000,0.000000,-0.150858507,-0.159783841,-2.296057842,-0.150858507
1.338000,0.000000,0.000000,-0.137844775,-0.041061488,-2.358403676,-0.137844775
1.339000,0.000000,0.000000,-0.126466398,0.188405479,-2.350083049,-0.126466398
1.340000,0.000000,0.000000,-0.116517869,0.326204924,-2.279976170,-0.116517869
1.341000,0.000000,0.000000,-0.147321427,0.135894767,-1.992380807,-0.147321427
1.342000,0.000000,0.000000,-0.147318549,0.028965491,-2.092887823,-0.147318549
1.343000,0.000000,0.000000,-0.141032847,0.186800755,-2.055101049,-0.141032847
1.344000,0.000000,0.000000,-0.141032847,0.186800755,-2.055101049,-0.141032847
1.345000,0.000000,0.000000,-0.141032847,0.186800755,-2.055101049,-0.141032847
1.346000,0.000000,0.000000,-0.149548072,-0.152031135,-1.953732348,-0.149548072
1.347000,0.000000,0.000000,-0.136699015,-0.222778576,-1.933432366,-0.136699015
1.348000,0.000000,0.000000,-0.131747803,-0.096140072,-2.104178915,-0.131747803
1.349000,0.000000,0.000000,-0.139985149,-0.048247285,-2.316300673,-0.139985149
1.350000,0.000000,0.000000,-0.153470546,-0.069204736,-2.501766425,-0.153470546
1.351000,0.000000,0.000000,-0.157510429,-0.323294490,-2.562276016,-0.157510429
1.352000,0.000000,0.000000,-0.149943978,-0.184024784,-2.402672329,-0.149943978
1.353000,0.000000,0.000000,-0.137045170,-0.187919931,-2.451620592,-0.137045170
1.354000,0.000000,0.000000,-0.125767273,-0.316989306,-2.494417835,-0.125767273
1.355000,0.000000,0.000000,-0.125767273,-0.316989306,-2.494417835,-0.125767273
1.356000,0.000000,0.000000,-0.156460671,-0.471672156,-2.843494796,-0.156460671
1.357000,0.000000,0.000000,-0.155309322,-0.565084175,-2.899879527,-0.155309322
1.358000,0.000000,0.000000,-0.154302655,-0.332598428,-2.949178744,-0.154302655
1.359000,0.000000,0.000000,-0.153422490,-0.129327701,-3.117946545,-0.153422490
1.360000,0.000000,0.000000,-0.152652930,0.048399273,-3.139842652,-0.152652930
1.361000,0.000000,0.000000,-0.174945379,-0.013645786,-3.003021806,-0.174945379
1.362000,0.000000,0.000000,-0.177754358,0.023880463,-2.850864223,-0.177754358
1.363000,0.000000,0.000000,-0.167643979,0.245186584,-2.906322885,-0.167643979
1.364000,0.000000,0.000000,-0.165087294,0.375850705,-2.954812405,-0.165087294
1.365000,0.000000,0.000000,-0.162851891,0.552926941,-3.122872259,-0.162851891
1.366000,0.000000,0.000000,-0.178038068,0.544751623,-2.691680654,-0.178038068
1.367000,0.000000,0.000000,-0.193024779,0.574939437,-2.829974766,-0.193024779
1.368000,0.000000,0.000000,-0.187278648,0.664165592,-2.699562915,-0.187278648
1.369000,0.000000,0.000000,-0.187278648,0.664165592,-2.699562915,-0.187278648
1.370000,0.000000,0.000000,-0.187278648,0.664165592,-2.699562915,-0.187278648
1.371000,0.000000,0.000000,-0.182565937,0.865325607,-2.493739625,-0.182565937
1.372000,0.000000,0.000000,-0.160574327,0.868280764,-2.323936704,-0.160574327
1.373000,0.000000,0.000000,-0.165189225,0.983476414,-2.257115471,-0.165189225
1.374000,0.000000,0.000000,-0.175507384,1.021364298,-2.324354948,-0.175507384
1.375000,0.000000,0.000000,-0.178245739,0.865995492,-2.571640423,-0.178245739
1.376000,0.000000,0.000000,-0.207076530,0.846913098,-2.623587853,-0.207076530
1.377000,0.000000,0.000000,-0.212130975,0.964793888,-2.581943199,-0.212130975
1.378000,0.000000,0.000000,-0.222833444,1.067861341,-2.608363620,-0.222833444
1.379000,0.000000,0.000000,-0.213341446,0.969481397,-2.568632100,-0.213341446
1.380000,0.000000,0.000000,-0.205042248,0.883464241,-2.659557097,-0.205042248
1.381000,0.000000,0.000000,-0.197724705,1.150739542,-2.918437342,-0.197724705
1.382000,0.000000,0.000000,-0.216520705,1.167608522,-2.965404515,-0.216520705
1.383000,0.000000,0.000000,-0.214105175,1.056693977,-3.069301473,-0.214105175
1.384000,0.000000,0.000000,-0.218276374,1.022549218,-2.845983088,-0.218276374
1.385000,0.000000,0.000000,-0.228206590,1.055527069,-2.839223278,-0.228206590
1.386000,0.000000,0.000000,-0.220926626,1.227339202,-2.757417763,-0.220926626
1.387000,0.000000,0.000000,-0.224240617,0.983254973,-2.698955547,-0.224240617
1.388000,0.000000,0.000000,-0.227138159,0.895506978,-2.647839910,-0.227138159
1.389000,0.000000,0.000000,-0.229671585,0.944449428,-2.603147653,-0.229671585
1.390000,0.000000,0.000000,-0.225603466,0.924409735,-2.626903444,-0.225603466
1.391000,0.000000,0.000000,-0.242490236,1.111313360,-2.422402712,-0.242490236
1.392000,0.000000,0.000000,-0.224244908,0.818977514,-2.468871582,-0.224244908
1.393000,0.000000,0.000000,-0.208292354,0.689041381,-2.697996561,-0.208292354
1.394000,0.000000,0.000000,-0.208292354,0.689041381,-2.697996561,-0.208292354
1.395000,0.000000,0.000000,-0.200627644,0.763929063,-2.647001433,-0.200627644
1.396000,0.000000,0.000000,-0.199843516,1.067254891,-2.445662583,-0.199843516
1.397000,0.000000,0.000000,-0.210231312,1.369864089,-2.346682459,-0.210231312
1.398000,0.000000,0.000000,-0.214889315,1.233533360,-2.277002911,-0.214889315
1.399000,0.000000,0.000000,-0.212678791,1.114334456,-2.278911406,-0.212678791
1.400000,0.000000,0.000000,-0.229595606,1.072946381,-2.343411925,-0.229595606
1.401000,0.000000,0.000000,-0.232975713,1.248551322,-2.213579347,-0.232975713
1.402000,0.000000,0.000000,-0.234775570,1.253128911,-2.034962323,-0.234775570
1.403000,0.000000,0.000000,-0.217499695,1.131467557,-2.004454682,-0.217499695
1.404000,0.000000,0.000000,-0.214961141,1.087926473,-1.977780744,-0.214961141
1.405000,0.000000,0.000000,-0.219024776,1.049856923,-1.891626900,-0.219024776
1.406000,0.000000,0.000000,-0.250817004,0.924636682,-1.766229324,-0.250817004
1.407000,0.000000,0.000000,-0.256658044,0.844254879,-1.832323521,-0.256658044
1.408000,0.000000,0.000000,-0.255481892,0.711142298,-2.015775782,-0.255481892
1.409000,0.000000,0.000000,-0.260736725,0.657588991,-2.050511046,-0.260736725
1.410000,0.000000,0.000000,-0.265331216,0.673597244,-2.018049495,-0.265331216
1.411000,0.000000,0.000000,-0.272860669,0.629104036,-2.019787667,-0.272860669
1.412000,0.000000,0.000000,-0.263365250,0.585859960,-2.054018783,-0.263365250
1.413000,0.000000,0.000000,-0.267629431,0.673713802,-2.146780143,-0.267629431
1.414000,0.000000,0.000000,-0.290207315,0.687695751,-2.165052913,-0.290207315
1.415000,0.000000,0.000000,-0.297381608,0.637088824,-1.929702047,-0.297381608
1.416000,0.000000,0.000000,-0.285585236,0.554154179,-1.622632210,-0.285585236
1.417000,0.000000,0.000000,-0.268207615,0.645992286,-1.643939499,-0.268207615
1.418000,0.000000,0.000000,-0.259296916,0.914785236,-1.725401089,-0.259296916
1.419000,0.000000,0.000000,-0.232656412,0.961305109,-1.859457766,-0.232656412
1.420000,0.000000,0.000000,-0.215646838,0.750651709,-2.102332091,-0.215646838
1.421000,0.000000,0.000000,-0.229385136,0.523200889,-2.013491136,-0.229385136
1.422000,0.000000,0.000000,-0.237919384,0.493264995,-2.048513497,-0.237919384
1.423000,0.000000,0.000000,-0.232814816,0.529922810,-2.016302966,-0.232814816
1.424000,0.000000,0.000000,-0.240918078,0.624805922,-2.050971982,-0.240918078
1.425000,0.000000,0.000000,-0.248003054,0.582101963,-2.081284361,-0.248003054
1.426000,0.000000,0.000000,-0.259613914,0.629886729,-2.366496341,-0.259613914
1.427000,0.000000,0.000000,-0.264349502,0.712208003,-2.419990613,-0.264349502
1.428000,0.000000,0.000000,-0.249640442,0.784184482,-2.466762596,-0.249640442
1.429000,0.000000,0.000000,-0.249346148,0.595788717,-2.444825186,-0.249346148
1.430000,0.000000,0.000000,-0.255372021,0.682394874,-2.299980805,-0.255372021
1.431000,0.000000,0.000000,-0.252680853,0.635829507,-2.243209675,-0.252680853
1.432000,0.000000,0.000000,-0.245721304,0.591740284,-2.060869194,-0.245721304
1.433000,0.000000,0.000000,-0.245721304,0.591740284,-2.060869194,-0.245721304
1.434000,0.000000,0.000000,-0.246092796,0.401718832,-2.303849195,-0.246092796
1.435000,0.000000,0.000000,-0.246244312,0.387048824,-2.490879646,-0.246244312
1.436000,0.000000,0.000000,-0.240209432,0.355111928,-2.726657658,-0.240209432
1.437000,0.000000,0.000000,-0.247383459,0.534794276,-2.546397165,-0.247383459
1.438000,0.000000,0.000000,-0.259939156,0.566233368,-2.702948138,-0.259939156
1.439000,0.000000,0.000000,-0.258350687,0.468058000,-2.776994484,-0.258350687
1.440000,0.000000,0.000000,-0.256961831,0.382219714,-2.841735891,-0.256961831
1.441000,0.000000,0.000000,-0.261758528,0.484979637,-3.128434000,-0.261758528
1.442000,0.000000,0.000000,-0.253658245,0.648342327,-3.086180362,-0.253658245
1.443000,0.000000,0.000000,-0.246575873,0.916839962,-2.923572766,-0.246575873
1.444000,0.000000,0.000000,-0.259233055,1.088765336,-2.781399044,-0.259233055
1.445000,0.000000,0.000000,-0.259233055,1.088765336,-2.781399044,-0.259233055
1.446000,0.000000,0.000000,-0.259233055,1.088765336,-2.781399044,-0.259233055
1.447000,0.000000,0.000000,-0.262672469,1.285677814,-2.688950915,-0.262672469
1.448000,0.000000,0.000000,-0.254457337,1.348421804,-2.701924350,-0.254457337
1.449000,0.000000,0.000000,-0.259840919,1.466113004,-2.713267495,-0.259840919
1.450000,0.000000,0.000000,-0.270831166,1.443350986,-2.597521512,-0.270831166
1.451000,0.000000,0.000000,-0.264498812,1.296176246,-2.714100549,-0.264498812
1.452000,0.000000,0.000000,-0.256054175,1.294769111,-2.849577294,-0.256054175
1.453000,0.000000,0.000000,-0.261237092,1.293538801,-2.842365823,-0.261237092
1.454000,0.000000,0.000000,-0.265768706,1.292463097,-2.773228719,-0.265768706
1.455000,0.000000,0.000000,-0.257164489,1.228690717,-2.712779640,-0.257164489
1.456000,0.000000,0.000000,-0.266617501,1.124180524,-2.974915425,-0.266617501
1.457000,0.000000,0.000000,-0.264189806,1.270050715,-3.077617206,-0.264189806
1.458000,0.000000,0.000000,-0.286945506,1.014126946,-3.281337114,-0.286945506
1.459000,0.000000,0.000000,-0.295667200,1.242730787,-3.221061561,-0.295667200
1.460000,0.000000,0.000000,-0.295667200,1.242730787,-3.221061561,-0.295667200
1.461000,0.000000,0.000000,-0.307038670,1.197745505,-3.284855413,-0.307038670
1.462000,0.000000,0.000000,-0.299531501,1.271539394,-3.160113427,-0.299531501
1.463000,0.000000,0.000000,-0.292967712,1.336060070,-3.176710688,-0.292967712
1.464000,0.000000,0.000000,-0.276717355,1.206260524,-3.148974113,-0.276717355
1.465000,0.000000,0.000000,-0.276717355,1.206260524,-3.148974113,-0.276717355
1.466000,0.000000,0.000000,-0.258011357,1.224801473,-3.002106795,-0.258011357
1.467000,0.000000,0.000000,-0.275514699,1.232363556,-2.975727902,-0.275514699
1.468000,0.000000,0.000000,-0.275514699,1.232363556,-2.975727902,-0.275514699
1.469000,0.000000,0.000000,-0.275514699,1.232363556,-2.975727902,-0.275514699
1.470000,0.000000,0.000000,-0.275514699,1.232363556,-2.975727902,-0.275514699
1.471000,0.000000,0.000000,-0.283393855,0.826941548,-2.621612235,-0.283393855
1.472000,0.000000,0.000000,-0.291424352,0.696004625,-2.580215845,-0.291424352
1.473000,0.000000,0.000000,-0.291424352,0.696004625,-2.580215845,-0.291424352
1.474000,0.000000,0.000000,-0.310642655,0.688014512,-2.161000407,-0.310642655
1.475000,0.000000,0.000000,-0.310642655,0.688014512,-2.161000407,-0.310642655
1.476000,0.000000,0.000000,-0.289439644,0.365444670,-2.184004656,-0.289439644
1.477000,0.000000,0.000000,-0.290427220,0.480996714,-2.260431509,-0.290427220
1.478000,0.000000,0.000000,-0.291290693,0.582028060,-2.264422428,-0.291290693
1.479000,0.000000,0.000000,-0.298988939,0.574894062,-2.333794599,-0.298988939
1.480000,0.000000,0.000000,-0.298988939,0.574894062,-2.333794599,-0.298988939
1.481000,0.000000,0.000000,-0.286024415,0.506608525,-2.386827124,-0.286024415
1.482000,0.000000,0.000000,-0.268591605,0.541589543,-2.374934701,-0.268591605
1.483000,0.000000,0.000000,-0.259632652,0.509342863,-2.301704871,-0.259632652
1.484000,0.000000,0.000000,-0.244161150,0.503537482,-2.299463831,-0.244161150
1.485000,0.000000,0.000000,-0.244161150,0.503537482,-2.299463831,-0.244161150
1.486000,0.000000,0.000000,-0.262960102,0.569827015,-1.889510398,-0.262960102
1.487000,0.000000,0.000000,-0.267275195,0.408368203,-1.877280785,-0.267275195
1.488000,0.000000,0.000000,-0.271048038,0.330030758,-1.803756138,-0.271048038
1.489000,0.000000,0.000000,-0.288218207,0.413500327,-1.691159611,-0.288218207
1.490000,0.000000,0.000000,-0.288218207,0.413500327,-1.691159611,-0.288218207
1.491000,0.000000,0.000000,-0.284863332,0.336188346,-1.903451523,-0.284863332
1.492000,0.000000,0.000000,-0.292709170,0.455416848,-2.077965575,-0.292709170
1.493000,0.000000,0.000000,-0.292709170,0.455416848,-2.077965575,-0.292709170
1.494000,0.000000,0.000000,-0.292709170,0.455416848,-2.077965575,-0.292709170
1.495000,0.000000,0.000000,-0.292709170,0.455416848,-2.077965575,-0.292709170
1.496000,0.000000,0.000000,-0.294899411,0.668101978,-1.751249594,-0.294899411
1.497000,0.000000,0.000000,-0.282634522,0.682789130,-1.756394346,-0.282634522
1.498000,0.000000,0.000000,-0.228249595,0.433106577,-1.831096165,-0.228249595
1.499000,0.000000,0.000000,-0.228249595,0.433106577,-1.831096165,-0.228249595
1.500000,0.000000,0.000000,-0.268066711,0.162681059,-2.010427975,-0.268066711
1.501000,0.000000,0.000000,-0.265456904,0.052385717,-1.794507852,-0.265456904
1.502000,0.000000,0.000000,-0.263175055,0.081614203,-1.417225492,-0.263175055
1.503000,0.000000,0.000000,-0.253152374,0.121618170,-1.215070989,-0.253152374
1.504000,0.000000,0.000000,-0.253152374,0.121618170,-1.215070989,-0.253152374
1.505000,0.000000,0.000000,-0.257267198,0.152199761,-1.358899056,-0.257267198
1.506000,0.000000,0.000000,-0.243448127,0.231717097,-1.413348031,-0.243448127
1.507000,0.000000,0.000000,-0.243931982,0.426905697,-1.460954746,-0.243931982
1.508000,0.000000,0.000000,-0.239231307,0.511244777,-1.593908812,-0.239231307
1.509000,0.000000,0.000000,-0.239231307,0.511244777,-1.593908812,-0.239231307
1.510000,0.000000,0.000000,-0.241131427,0.630655133,-1.514947527,-0.241131427
1.511000,0.000000,0.000000,-0.235623222,0.524384288,-1.361291313,-0.235623222
1.512000,0.000000,0.000000,-0.230807198,0.431467831,-1.164112256,-0.230807198
1.513000,0.000000,0.000000,-0.251961919,0.632500387,-1.437710964,-0.251961919
1.514000,0.000000,0.000000,-0.251961919,0.632500387,-1.437710964,-0.251961919
1.515000,0.000000,0.000000,-0.274417126,0.668414507,-1.277771880,-0.274417126
1.516000,0.000000,0.000000,-0.271009302,0.494566826,-1.216751890,-0.271009302
1.517000,0.000000,0.000000,-0.280596088,0.342565489,-1.226231752,-0.280596088
1.518000,0.000000,0.000000,-0.280596088,0.342565489,-1.226231752,-0.280596088
1.519000,0.000000,0.000000,-0.280596088,0.342565489,-1.226231752,-0.280596088
1.520000,0.000000,0.000000,-0.289653693,0.228062214,-1.412540984,-0.289653693
1.521000,0.000000,0.000000,-0.284331186,0.109550834,-1.397417262,-0.284331186
1.522000,0.000000,0.000000,-0.272840671,-0.108942313,-1.175020471,-0.272840671
1.523000,0.000000,0.000000,-0.275914135,0.129054811,-1.064080751,-0.275914135
1.524000,0.000000,0.000000,-0.272318191,0.337144334,-1.029913980,-0.272318191
1.525000,0.000000,0.000000,-0.275457313,0.204925290,-1.125704439,-0.275457313
1.526000,0.000000,0.000000,-0.278201960,0.152153235,-1.083793808,-0.278201960
1.527000,0.000000,0.000000,-0.270923087,0.002838525,-1.250646700,-0.270923087
1.528000,0.000000,0.000000,-0.274237522,0.038293295,-1.255867214,-0.274237522
1.529000,0.000000,0.000000,-0.270852268,0.194956393,-1.323263552,-0.270852268
1.530000,0.000000,0.000000,-0.261609232,0.017773360,-1.193695057,-0.261609232
1.531000,0.000000,0.000000,-0.266094080,-0.074312343,-1.206072325,-0.266094080
1.532000,0.000000,0.000000,-0.279727037,0.073145483,-1.218460513,-0.279727037
1.533000,0.000000,0.000000,-0.281935135,0.162597073,-1.102061956,-0.281935135
1.534000,0.000000,0.000000,-0.277582570,0.177975991,-1.063122327,-0.277582570
1.535000,0.000000,0.000000,-0.273776964,0.128590485,-1.029075995,-0.273776964
1.536000,0.000000,0.000000,-0.264166400,0.273906504,-0.999308052,-0.264166400
1.537000,0.000000,0.000000,-0.247627037,0.394282409,-1.115332848,-0.247627037
1.538000,0.000000,0.000000,-0.228736198,0.443378742,-1.074725549,-0.228736198
1.539000,0.000000,0.000000,-0.237351994,0.549137302,-1.164884820,-0.237351994
1.540000,0.000000,0.000000,-0.238601912,0.578773996,-1.243714343,-0.238601912
1.541000,0.000000,0.000000,-0.238601912,0.578773996,-1.243714343,-0.238601912
1.542000,0.000000,0.000000,-0.238601912,0.578773996,-1.243714343,-0.238601912
1.543000,0.000000,0.000000,-0.238601912,0.578773996,-1.243714343,-0.238601912
1.544000,0.000000,0.000000,-0.246232303,0.213515780,-1.267961729,-0.246232303
1.545000,0.000000,0.000000,-0.258932659,0.159664212,-1.271006372,-0.258932659
1.546000,0.000000,0.000000,-0.263753856,0.238243538,-1.210836562,-0.263753856
1.547000,0.000000,0.000000,-0.263753856,0.238243538,-1.210836562,-0.263753856
1.548000,0.000000,0.000000,-0.270074047,0.095835931,-1.425316912,-0.270074047
1.549000,0.000000,0.000000,-0.267211990,0.245268008,-1.345755867,-0.267211990
1.550000,0.000000,0.000000,-0.252143219,0.313090044,-1.339024610,-0.252143219
1.551000,0.000000,0.000000,-0.251534417,0.246725605,-1.395971082,-0.251534417
1.552000,0.000000,0.000000,-0.267807131,0.789639512,-1.308695097,-0.267807131
1.553000,0.000000,0.000000,-0.246380387,0.851885660,-1.306621035,-0.246380387
1.554000,0.000000,0.000000,-0.227646208,1.031973433,-1.304807606,-0.227646208
1.555000,0.000000,0.000000,-0.230115790,0.938103296,-1.114726501,-0.230115790
1.556000,0.000000,0.000000,-0.238558222,0.730365522,-1.074195398,-0.238558222
1.557000,0.000000,0.000000,-0.222556890,0.751124559,-1.235413378,-0.222556890
1.558000,0.000000,0.000000,-0.219382830,0.818210638,-1.116884461,-0.219382830
1.559000,0.000000,0.000000,-0.229174005,1.002530139,-1.201745887,-0.229174005
1.560000,0.000000,0.000000,-0.231451599,1.038023662,-1.527270724,-0.231451599
1.561000,0.000000,0.000000,-0.239726168,1.257552496,-1.623393344,-0.239726168
1.562000,0.000000,0.000000,-0.211672941,1.428820845,-1.843750971,-0.211672941
1.563000,0.000000,0.000000,-0.209866598,1.410745098,-1.962935363,-0.209866598
1.564000,0.000000,0.000000,-0.208287247,1.206445257,-1.941478897,-0.208287247
1.565000,0.000000,0.000000,-0.206906364,1.216314050,-1.797055024,-0.206906364
1.566000,0.000000,0.000000,-0.218265377,1.287774548,-1.796443696,-0.218265377
1.567000,0.000000,0.000000,-0.212537359,1.098620446,-1.787546168,-0.212537359
1.568000,0.000000,0.000000,-0.216905576,0.870711493,-1.725297905,-0.216905576
1.569000,0.000000,0.000000,-0.233291237,0.922769835,-1.796535696,-0.233291237
1.570000,0.000000,0.000000,-0.241334630,0.905454480,-1.795989628,-0.241334630
1.571000,0.000000,0.000000,-0.254650445,0.764651331,-1.858344035,-0.254650445
1.572000,0.000000,0.000000,-0.254650445,0.764651331,-1.858344035,-0.254650445
1.573000,0.000000,0.000000,-0.229521337,0.919057026,-1.422159475,-0.229521337
1.574000,0.000000,0.000000,-0.244321654,1.027871943,-1.217331499,-0.244321654
1.575000,0.000000,0.000000,-0.244695739,1.060180920,-1.101074818,-0.244695739
1.576000,0.000000,0.000000,-0.232456444,0.899934273,-1.125091089,-0.232456444
1.577000,0.000000,0.000000,-0.234321555,0.759824814,-1.146089387,-0.234321555
1.578000,0.000000,0.000000,-0.255438086,0.718708955,-1.470973616,-0.255438086
1.579000,0.000000,0.000000,-0.260698424,0.852700353,-1.385675181,-0.260698424
1.580000,0.000000,0.000000,-0.271580913,0.844190189,-1.436759368,-0.271580913
1.581000,0.000000,0.000000,-0.274812683,0.836749444,-1.418592275,-0.274812683
1.582000,0.000000,0.000000,-0.283921523,0.704580024,-1.277044419,-0.283921523
1.583000,0.000000,0.000000,-0.268222733,0.597853085,-1.107907612,-0.268222733
1.584000,0.000000,0.000000,-0.271876504,0.495704267,-1.193897102,-0.271876504
1.585000,0.000000,0.000000,-0.275071130,0.532055554,-1.331912687,-0.275071130
1.586000,0.000000,0.000000,-0.277864306,0.438175098,-1.515416575,-0.277864306
1.587000,0.000000,0.000000,-0.280306482,0.544587566,-1.550196978,-0.280306482
1.588000,0.000000,0.000000,-0.259965547,0.656144494,-1.136123021,-0.259965547
1.589000,0.000000,0.000000,-0.258373762,0.546670561,-1.092903152,-0.258373762
1.590000,0.000000,0.000000,-0.275831563,0.450953529,-1.117946305,-0.275831563
1.591000,0.000000,0.000000,-0.275831563,0.450953529,-1.117946305,-0.275831563
1.592000,0.000000,0.000000,-0.275831563,0.450953529,-1.117946305,-0.275831563
1.593000,0.000000,0.000000,-0.278469936,0.526614329,-1.015797275,-0.278469936
1.594000,0.000000,0.000000,-0.268269635,0.433417637,-1.050529838,-0.268269635
1.595000,0.000000,0.000000,-0.259351143,0.226268681,-1.143729632,-0.259351143
1.596000,0.000000,0.000000,-0.256512316,0.122328965,-1.005993262,-0.256512316
1.597000,0.000000,0.000000,-0.261637662,0.079936270,-1.041957834,-0.261637662
1.598000,0.000000,0.000000,-0.259835753,-0.019961055,-1.010571111,-0.259835753
1.599000,0.000000,0.000000,-0.264543464,0.018358795,-1.108792266,-0.264543464
1.600000,0.000000,0.000000,-0.262376400,-0.010968623,-1.194670587,-0.262376400
1.601000,0.000000,0.000000,-0.252541832,0.113673790,-1.162703809,-0.252541832
1.602000,0.000000,0.000000,-0.264449309,0.072368736,-1.053311846,-0.264449309
1.603000,0.000000,0.000000,-0.256010892,0.099086082,-0.957666483,-0.256010892
1.604000,0.000000,0.000000,-0.254916064,0.248109733,-0.874040271,-0.254916064
1.605000,0.000000,0.000000,-0.247675630,0.441238373,-0.863754692,-0.247675630
1.606000,0.000000,0.000000,-0.248376376,0.223833693,-1.153162263,-0.248376376
1.607000,0.000000,0.000000,-0.241957744,0.168685538,-1.296296739,-0.241957744
1.608000,0.000000,0.000000,-0.217496145,0.183299358,-1.421444406,-0.217496145
1.609000,0.000000,0.000000,-0.196108481,0.321740457,-1.530865554,-0.196108481
1.610000,0.000000,0.000000,-0.183691656,0.254288975,-1.626536434,-0.183691656
1.611000,0.000000,0.000000,-0.204956551,0.088813300,-1.665553874,-0.204956551
1.612000,0.000000,0.000000,-0.216560586,-0.012199545,-1.555803762,-0.216560586
1.613000,0.000000,0.000000,-0.226706414,0.087976817,-1.397013403,-0.226706414
1.614000,0.000000,0.000000,-0.223010910,0.049900941,-1.383840934,-0.223010910
1.615000,0.000000,0.000000,-0.219779796,0.205105379,-1.497987473,-0.219779796
1.616000,0.000000,0.000000,-0.238038250,0.294645943,-1.402474319,-0.238038250
1.617000,0.000000,0.000000,-0.238038250,0.294645943,-1.402474319,-0.238038250
1.618000,0.000000,0.000000,-0.238038250,0.294645943,-1.402474319,-0.238038250
1.619000,0.000000,0.000000,-0.236305701,0.276641078,-1.877113052,-0.236305701
1.620000,0.000000,0.000000,-0.231403915,0.214856952,-1.740777630,-0.231403915
1.621000,0.000000,0.000000,-0.246924470,0.286309301,-1.533142472,-0.246924470
1.622000,0.000000,0.000000,-0.246971475,0.223310230,-1.440031668,-0.246971475
1.623000,0.000000,0.000000,-0.240729388,0.168227855,-1.547117071,-0.240729388
1.624000,0.000000,0.000000,-0.228988519,0.057235483,-1.703577579,-0.228988519
1.625000,0.000000,0.000000,-0.231289422,-0.039809177,-1.714712973,-0.231289422
1.626000,0.000000,0.000000,-0.198940168,-0.308718328,-1.560257468,-0.198940168
1.627000,0.000000,0.000000,-0.186167502,-0.296944023,-1.589402998,-0.186167502
1.628000,0.000000,0.000000,-0.174999897,-0.286649320,-1.489222287,-0.174999897
1.629000,0.000000,0.000000,-0.171518840,-0.340480141,-1.464462509,-0.171518840
1.630000,0.000000,0.000000,-0.174758410,-0.387546381,-1.568477842,-0.174758410
1.631000,0.000000,0.000000,-0.178488283,-0.464678547,-1.801770049,-0.178488283
1.632000,0.000000,0.000000,-0.180852047,-0.496137556,-1.737734360,-0.180852047
1.633000,0.000000,0.000000,-0.189201958,-0.460811455,-1.681745634,-0.189201958
1.634000,0.000000,0.000000,-0.202785773,-0.429924564,-1.695624511,-0.202785773
1.635000,0.000000,0.000000,-0.208379410,-0.340087180,-1.644927464,-0.208379410
1.636000,0.000000,0.000000,-0.187709474,-0.310629676,-1.397036623,-0.187709474
1.637000,0.000000,0.000000,-0.188914470,-0.110119625,-1.509524943,-0.188914470
1.638000,0.000000,0.000000,-0.202534412,0.065193591,-1.670709416,-0.202534412
1.639000,0.000000,0.000000,-0.189310080,0.092812592,-1.748806999,-0.189310080
1.640000,0.000000,0.000000,-0.177747567,0.054129034,-1.817090550,-0.177747567
1.641000,0.000000,0.000000,-0.200412509,-0.017161274,-1.575689582,-0.200412509
1.642000,0.000000,0.000000,-0.200412509,-0.017161274,-1.575689582,-0.200412509
1.643000,0.000000,0.000000,-0.200412509,-0.017161274,-1.575689582,-0.200412509
1.644000,0.000000,0.000000,-0.204183176,-0.344638049,-1.861314901,-0.204183176
1.645000,0.000000,0.000000,-0.197034840,-0.454013644,-1.915460291,-0.197034840
1.646000,0.000000,0.000000,-0.185320144,-0.044418284,-2.067025625,-0.185320144
1.647000,0.000000,0.000000,-0.193108577,0.185470511,-2.095320643,-0.193108577
1.648000,0.000000,0.000000,-0.217649065,0.201012574,-2.267354234,-0.217649065
1.649000,0.000000,0.000000,-0.215091741,0.148732205,-2.270475217,-0.215091741
1.650000,0.000000,0.000000,-0.186557624,0.117991293,-2.464085445,-0.186557624
1.651000,0.000000,0.000000,-0.181624180,0.201807393,-2.693811867,-0.181624180
1.652000,0.000000,0.000000,-0.196160247,0.275090850,-2.706174457,-0.196160247
1.653000,0.000000,0.000000,-0.208869657,0.401997090,-2.654151665,-0.208869657
1.654000,0.000000,0.000000,-0.188566030,0.512955821,-2.608666250,-0.188566030
1.655000,0.000000,0.000000,-0.203189217,0.631963165,-2.353524864,-0.203189217
1.656000,0.000000,0.000000,-0.202448971,0.588359801,-2.282985474,-0.202448971
1.657000,0.000000,0.000000,-0.214368117,0.613067650,-2.158478471,-0.214368117
1.658000,0.000000,0.000000,-0.218506274,0.571838767,-2.175281187,-0.218506274
1.659000,0.000000,0.000000,-0.222124415,0.661454564,-2.252804263,-0.222124415
1.660000,0.000000,0.000000,-0.203710652,0.392181033,-2.254185395,-0.203710652
1.661000,0.000000,0.000000,-0.196621695,0.253045874,-2.133297517,-0.196621695
1.662000,0.000000,0.000000,-0.202989933,0.319890514,-2.216096418,-0.202989933
1.663000,0.000000,0.000000,-0.208557915,0.378335209,-2.288490501,-0.208557915
1.664000,0.000000,0.000000,-0.207143018,0.240939968,-2.603114688,-0.207143018
1.665000,0.000000,0.000000,-0.210317902,0.157231685,-2.930225325,-0.210317902
1.666000,0.000000,0.000000,-0.214965024,0.298948545,-2.850047470,-0.214965024
1.667000,0.000000,0.000000,-0.219028171,0.297193032,-2.654281356,-0.219028171
1.668000,0.000000,0.000000,-0.210014358,0.107162564,-2.420284084,-0.210014358
1.669000,0.000000,0.000000,-0.208416439,0.066675736,-2.404187336,-0.208416439
1.670000,0.000000,0.000000,-0.229351374,0.000325911,-2.495576003,-0.229351374
1.671000,0.000000,0.000000,-0.237889864,-0.026735428,-2.470017793,-0.237889864
1.672000,0.000000,0.000000,-0.239072191,-0.050396139,-2.510503176,-0.239072191
1.673000,0.000000,0.000000,-0.248774198,0.218823841,-2.267779693,-0.248774198
1.674000,0.000000,0.000000,-0.248774198,0.218823841,-2.267779693,-0.248774198
1.675000,0.000000,0.000000,-0.230366636,0.407109868,-1.920225187,-0.230366636
1.676000,0.000000,0.000000,-0.238777545,0.517426109,-1.904135840,-0.238777545
1.677000,0.000000,0.000000,-0.239848323,0.488215896,-1.952900193,-0.239848323
1.678000,0.000000,0.000000,-0.229826311,0.040001637,-1.915047204,-0.229826311
1.679000,0.000000,0.000000,-0.229826311,0.040001637,-1.915047204,-0.229826311
1.680000,0.000000,0.000000,-0.227658462,0.081911180,-2.003877981,-0.227658462
1.681000,0.000000,0.000000,-0.223843319,0.044597534,-1.788780954,-0.223843319
1.682000,0.000000,0.000000,-0.226790787,0.137636565,-1.600713818,-0.226790787
1.683000,0.000000,0.000000,-0.243397901,0.164445246,-1.229677494,-0.243397901
1.684000,0.000000,0.000000,-0.243397901,0.164445246,-1.229677494,-0.243397901
1.685000,0.000000,0.000000,-0.243527070,0.302707539,-1.252297180,-0.243527070
1.686000,0.000000,0.000000,-0.237717819,0.174815951,-1.382973995,-0.237717819
1.687000,0.000000,0.000000,-0.232638581,0.188659400,-1.434397624,-0.232638581
1.688000,0.000000,0.000000,-0.236881094,0.438986410,-1.345966487,-0.236881094
1.689000,0.000000,0.000000,-0.236881094,0.438986410,-1.345966487,-0.236881094
1.690000,0.000000,0.000000,-0.244473372,0.293969514,-1.464872470,-0.244473372
1.691000,0.000000,0.000000,-0.244473372,0.293969514,-1.464872470,-0.244473372
1.692000,0.000000,0.000000,-0.244473372,0.293969514,-1.464872470,-0.244473372
1.693000,0.000000,0.000000,-0.227078810,0.119147642,-1.188663533,-0.227078810
1.694000,0.000000,0.000000,-0.223486810,-0.109431303,-0.954223567,-0.223486810
1.695000,0.000000,0.000000,-0.212614476,-0.252069595,-0.853227023,-0.212614476
1.696000,0.000000,0.000000,-0.216973002,-0.310245832,-0.782725060,-0.216973002
1.697000,0.000000,0.000000,-0.220783819,-0.361111428,-0.721082635,-0.220783819
1.698000,0.000000,0.000000,-0.220783819,-0.361111428,-0.721082635,-0.220783819
1.699000,0.000000,0.000000,-0.202685815,-0.326701956,-0.863494743,-0.202685815
1.700000,0.000000,0.000000,-0.184146494,-0.418165178,-1.247044514,-0.184146494
1.701000,0.000000,0.000000,-0.166949671,-0.581132934,-1.064222133,-0.166949671
1.702000,0.000000,0.000000,-0.170763420,-0.660789706,-1.030037596,-0.170763420
1.703000,0.000000,0.000000,-0.181717442,-0.485067661,-0.966120285,-0.181717442
1.704000,0.000000,0.000000,-0.181717442,-0.485067661,-0.966120285,-0.181717442
1.705000,0.000000,0.000000,-0.150056942,-0.555021418,-0.862321635,-0.150056942
1.706000,0.000000,0.000000,-0.137143938,-0.575127606,-0.790676809,-0.137143938
1.707000,0.000000,0.000000,-0.138420001,-0.404211617,-0.916530698,-0.138420001
1.708000,0.000000,0.000000,-0.170348003,-0.477418520,-1.059948228,-0.170348003
1.709000,0.000000,0.000000,-0.170348003,-0.477418520,-1.059948228,-0.170348003
1.710000,0.000000,0.000000,-0.164129451,-0.117246637,-0.816281693,-0.164129451
1.711000,0.000000,0.000000,-0.155731229,0.058962185,-0.813254270,-0.155731229
1.712000,0.000000,0.000000,-0.167237915,0.024532395,-1.061934697,-0.167237915
1.713000,0.000000,0.000000,-0.173528703,-0.086827324,-1.116168175,-0.173528703
1.714000,0.000000,0.000000,-0.173528703,-0.086827324,-1.116168175,-0.173528703
1.715000,0.000000,0.000000,-0.162646502,-0.124917328,-1.220459567,-0.162646502
1.716000,0.000000,0.000000,-0.162646502,-0.124917328,-1.220459567,-0.162646502
1.717000,0.000000,0.000000,-0.162646502,-0.124917328,-1.220459567,-0.162646502
1.718000,0.000000,0.000000,-0.162646502,-0.124917328,-1.220459567,-0.162646502
1.719000,0.000000,0.000000,-0.173120755,-0.094037350,-0.993572827,-0.173120755
1.720000,0.000000,0.000000,-0.207862713,0.003130256,-1.291548351,-0.207862713
1.721000,0.000000,0.000000,-0.200251992,0.164212072,-1.228797159,-0.200251992
1.722000,0.000000,0.000000,-0.187314478,0.305051750,-1.299595220,-0.187314478
1.723000,0.000000,0.000000,-0.187314478,0.305051750,-1.299595220,-0.187314478
1.724000,0.000000,0.000000,-0.187314478,0.305051750,-1.299595220,-0.187314478
1.725000,0.000000,0.000000,-0.207254299,0.731606193,-1.670115885,-0.207254299
1.726000,0.000000,0.000000,-0.193436848,0.549817611,-1.748288053,-0.193436848
1.727000,0.000000,0.000000,-0.206488491,0.516536962,-1.690973110,-0.206488491
1.728000,0.000000,0.000000,-0.209027971,0.579764648,-1.714813391,-0.209027971
1.729000,0.000000,0.000000,-0.209027971,0.579764648,-1.714813391,-0.209027971
1.730000,0.000000,0.000000,-0.212548449,0.337627720,-1.858702132,-0.212548449
1.731000,0.000000,0.000000,-0.210632087,0.268179786,-2.038839559,-0.210632087
1.732000,0.000000,0.000000,-0.196390171,0.270290790,-2.133508396,-0.196390171
1.733000,0.000000,0.000000,-0.203676875,0.336582156,-2.100156151,-0.203676875
1.734000,0.000000,0.000000,-0.203676875,0.336582156,-2.100156151,-0.203676875
1.735000,0.000000,0.000000,-0.189608172,0.371468149,-1.980578590,-0.189608172
1.736000,0.000000,0.000000,-0.184291385,0.297767701,-2.271064276,-0.184291385
1.737000,0.000000,0.000000,-0.198492281,0.296160578,-2.399382748,-0.198492281
1.738000,0.000000,0.000000,-0.197421540,0.474126699,-2.609671092,-0.197421540
1.739000,0.000000,0.000000,-0.197421540,0.474126699,-2.609671092,-0.197421540
1.740000,0.000000,0.000000,-0.205254887,0.476615994,-2.644765244,-0.205254887
1.741000,0.000000,0.000000,-0.205254887,0.476615994,-2.644765244,-0.205254887
1.742000,0.000000,0.000000,-0.205254887,0.476615994,-2.644765244,-0.205254887
1.743000,0.000000,0.000000,-0.212322303,0.317003395,-3.040052164,-0.212322303
1.744000,0.000000,0.000000,-0.223000730,0.250147190,-2.946073062,-0.223000730
1.745000,0.000000,0.000000,-0.198097378,0.132687541,-2.854891939,-0.198097378
1.746000,0.000000,0.000000,-0.185430620,0.214656855,-2.909844463,-0.185430620
1.747000,0.000000,0.000000,-0.193205170,0.223493749,-3.020723302,-0.193205170
1.748000,0.000000,0.000000,-0.224006092,0.057375776,-3.084663549,-0.224006092
1.749000,0.000000,0.000000,-0.224006092,0.057375776,-3.084663549,-0.224006092
1.750000,0.000000,0.000000,-0.222419546,-0.053824059,-3.007879857,-0.222419546
1.751000,0.000000,0.000000,-0.206696374,0.177246700,-2.980775499,-0.206696374
1.752000,0.000000,0.000000,-0.199232220,0.127952839,-2.894245322,-0.199232220
1.753000,0.000000,0.000000,-0.205059950,-0.172574630,-3.168575568,-0.205059950
1.754000,0.000000,0.000000,-0.205059950,-0.172574630,-3.168575568,-0.205059950
1.755000,0.000000,0.000000,-0.185171867,0.060859359,-3.134859424,-0.185171867
1.756000,0.000000,0.000000,-0.180412562,0.089023016,-3.091798343,-0.180412562
1.757000,0.000000,0.000000,-0.176251329,-0.012016183,-3.116980330,-0.176251329
1.758000,0.000000,0.000000,-0.174925517,-0.303262953,-3.221080430,-0.174925517
1.759000,0.000000,0.000000,-0.174925517,-0.303262953,-3.221080430,-0.174925517
1.760000,0.000000,0.000000,-0.157431130,-0.219647029,-3.229933668,-0.157431130
1.761000,0.000000,0.000000,-0.162441015,-0.156233900,-3.049261499,-0.162441015
1.762000,0.000000,0.000000,-0.166821338,-0.037957647,-2.828461412,-0.166821338
1.763000,0.000000,0.000000,-0.150446210,-0.142494392,-2.639318365,-0.150446210
1.764000,0.000000,0.000000,-0.150446210,-0.142494392,-2.639318365,-0.150446210
1.765000,0.000000,0.000000,-0.178752038,-0.340176988,-2.204253109,-0.178752038
1.766000,0.000000,0.000000,-0.162233102,-0.324449470,-2.278135467,-0.162233102
1.767000,0.000000,0.000000,-0.162233102,-0.324449470,-2.278135467,-0.162233102
1.768000,0.000000,0.000000,-0.162233102,-0.324449470,-2.278135467,-0.162233102
1.769000,0.000000,0.000000,-0.162233102,-0.324449470,-2.278135467,-0.162233102
1.770000,0.000000,0.000000,-0.170743467,-0.030595041,-2.620095872,-0.170743467
1.771000,0.000000,0.000000,-0.174080474,0.071892968,-2.767385593,-0.174080474
1.772000,0.000000,0.000000,-0.189564511,0.035838247,-2.896166342,-0.189564511
1.773000,0.000000,0.000000,-0.161549360,-0.015352554,-2.691076344,-0.161549360
1.774000,0.000000,0.000000,-0.161549360,-0.015352554,-2.691076344,-0.161549360
1.775000,0.000000,0.000000,-0.170759145,-0.250877319,-2.785619846,-0.170759145
1.776000,0.000000,0.000000,-0.180377367,-0.309203382,-2.912109211,-0.180377367
1.777000,0.000000,0.000000,-0.176220557,-0.360199976,-2.897039747,-0.176220557
1.778000,0.000000,0.000000,-0.192961980,-0.333900867,-2.872343907,-0.192961980
1.779000,0.000000,0.000000,-0.192961980,-0.333900867,-2.872343907,-0.192961980
1.780000,0.000000,0.000000,-0.188489775,-0.368732316,-3.034064703,-0.188489775
1.781000,0.000000,0.000000,-0.202163086,-0.412248284,-3.066501713,-0.202163086
1.782000,0.000000,0.000000,-0.188985416,-0.513127726,-2.969198863,-0.188985416
1.783000,0.000000,0.000000,-0.174462602,-0.262313061,-2.809738927,-0.174462602
1.784000,0.000000,0.000000,-0.174462602,-0.262313061,-2.809738927,-0.174462602
1.785000,0.000000,0.000000,-0.197111704,-0.251174166,-2.986205452,-0.197111704
1.786000,0.000000,0.000000,-0.203418366,-0.372294779,-2.961824780,-0.203418366
1.787000,0.000000,0.000000,-0.202649324,-0.603858633,-2.940507874,-0.202649324
1.788000,0.000000,0.000000,-0.177835413,-0.449441591,-3.141109768,-0.177835413
1.789000,0.000000,0.000000,-0.177835413,-0.449441591,-3.141109768,-0.177835413
1.790000,0.000000,0.000000,-0.176926060,-0.511995205,-3.098071443,-0.176926060
1.791000,0.000000,0.000000,-0.173202954,-0.474676373,-2.933969570,-0.173202954
1.792000,0.000000,0.000000,-0.176230892,-0.316383459,-2.916153053,-0.176230892
1.793000,0.000000,0.000000,-0.169416277,0.123626885,-3.177427555,-0.169416277
1.794000,0.000000,0.000000,-0.169416277,0.123626885,-3.177427555,-0.169416277
1.795000,0.000000,0.000000,-0.169700366,-0.018968841,-3.078794595,-0.169700366
1.796000,0.000000,0.000000,-0.179451638,-0.106437383,-2.979946976,-0.179451638
1.797000,0.000000,0.000000,-0.181694344,0.005581255,-2.956352767,-0.181694344
1.798000,0.000000,0.000000,-0.150828852,-0.054274301,-3.043350279,-0.150828852
1.799000,0.000000,0.000000,-0.150828852,-0.054274301,-3.043350279,-0.150828852
1.800000,0.000000,0.000000,-0.137430962,-0.029304179,-2.984193034,-0.137430962
1.801000,0.000000,0.000000,-0.144954141,-0.052642091,-3.022897103,-0.144954141
1.802000,0.000000,0.000000,-0.138965560,-0.261542834,-3.119569329,-0.138965560
1.803000,0.000000,0.000000,-0.140928273,-0.650929909,-3.152332090,-0.140928273
1.804000,0.000000,0.000000,-0.140928273,-0.650929909,-3.152332090,-0.140928273
1.805000,0.000000,0.000000,-0.136145511,-0.728857614,-3.012569531,-0.136145511
1.806000,0.000000,0.000000,-0.131263855,-0.915614461,-2.984875851,-0.131263855
1.807000,0.000000,0.000000,-0.139562016,-0.890407191,-3.023494115,-0.139562016
1.808000,0.000000,0.000000,-0.159444230,-0.731329488,-2.969013713,-0.159444230
1.809000,0.000000,0.000000,-0.159444230,-0.731329488,-2.969013713,-0.159444230
1.810000,0.000000,0.000000,-0.155793910,-0.617616002,-3.390541816,-0.155793910
1.811000,0.000000,0.000000,-0.161009534,-0.629856323,-3.315350738,-0.161009534
1.812000,0.000000,0.000000,-0.153003372,-0.640558480,-3.249608450,-0.153003372
1.813000,0.000000,0.000000,-0.152449243,-0.595265324,-3.306678480,-0.152449243
1.814000,0.000000,0.000000,-0.152449243,-0.595265324,-3.306678480,-0.152449243
1.815000,0.000000,0.000000,-0.127682458,-0.387936147,-3.185497953,-0.127682458
1.816000,0.000000,0.000000,-0.117581115,-0.366207036,-3.136073447,-0.117581115
1.817000,0.000000,0.000000,-0.117581115,-0.366207036,-3.136073447,-0.117581115
1.818000,0.000000,0.000000,-0.117581115,-0.366207036,-3.136073447,-0.117581115
1.819000,0.000000,0.000000,-0.117581115,-0.366207036,-3.136073447,-0.117581115
1.820000,0.000000,0.000000,-0.130819975,-0.193640346,-3.665182184,-0.130819975
1.821000,0.000000,0.000000,-0.126607545,-0.133495313,-3.869638046,-0.126607545
1.822000,0.000000,0.000000,-0.122924465,-0.206572034,-3.797073813,-0.122924465
1.823000,0.000000,0.000000,-0.110605447,-0.035857968,-3.623219361,-0.110605447
1.824000,0.000000,0.000000,-0.110605447,-0.035857968,-3.623219361,-0.110605447
1.825000,0.000000,0.000000,-0.113754372,0.047606297,-3.655122408,-0.113754372
1.826000,0.000000,0.000000,-0.124252840,0.203099088,-3.798010565,-0.124252840
1.827000,0.000000,0.000000,-0.124252840,0.203099088,-3.798010565,-0.124252840
1.828000,0.000000,0.000000,-0.124252840,0.203099088,-3.798010565,-0.124252840
1.829000,0.000000,0.000000,-0.135908521,0.049650581,-3.678312511,-0.135908521
1.830000,0.000000,0.000000,-0.144874463,0.403446715,-3.987711350,-0.144874463
1.831000,0.000000,0.000000,-0.138895894,0.514223281,-4.025973295,-0.138895894
1.832000,0.000000,0.000000,-0.127385429,0.485415547,-3.996595248,-0.127385429
1.833000,0.000000,0.000000,-0.139148434,0.673741471,-4.066218522,-0.139148434
1.834000,0.000000,0.000000,-0.139148434,0.673741471,-4.066218522,-0.139148434
1.835000,0.000000,0.000000,-0.140278506,1.116077750,-4.048715468,-0.140278506
1.836000,0.000000,0.000000,-0.128594296,1.262966165,-3.765152143,-0.128594296
1.837000,0.000000,0.000000,-0.130944739,1.265732332,-3.642886144,-0.130944739
1.838000,0.000000,0.000000,-0.116736657,1.042625164,-3.568180299,-0.116736657
1.839000,0.000000,0.000000,-0.116736657,1.042625164,-3.568180299,-0.116736657
1.840000,0.000000,0.000000,-0.112947844,1.146748625,-3.801542588,-0.112947844
1.841000,0.000000,0.000000,-0.104698107,1.164119118,-3.863199189,-0.104698107
1.842000,0.000000,0.000000,-0.104698107,1.164119118,-3.863199189,-0.104698107
1.843000,0.000000,0.000000,-0.104698107,1.164119118,-3.863199189,-0.104698107
1.844000,0.000000,0.000000,-0.104698107,1.164119118,-3.863199189,-0.104698107
1.845000,0.000000,0.000000,-0.130769320,0.890190828,-3.660984039,-0.130769320
1.846000,0.000000,0.000000,-0.122885741,0.684809685,-3.629055973,-0.122885741
1.847000,0.000000,0.000000,-0.125953542,0.446069872,-3.649556029,-0.125953542
1.848000,0.000000,0.000000,-0.125487437,0.290359053,-3.808815231,-0.125487437
1.849000,0.000000,0.000000,-0.125487437,0.290359053,-3.808815231,-0.125487437
1.850000,0.000000,0.000000,-0.129835166,0.179219428,-3.804899444,-0.129835166
1.851000,0.000000,0.000000,-0.138312862,0.318173226,-3.677638651,-0.138312862
1.852000,0.000000,0.000000,-0.133158848,0.376833721,-3.629201774,-0.133158848
1.853000,0.000000,0.000000,-0.147476485,0.527902726,-3.541927724,-0.147476485
1.854000,0.000000,0.000000,-0.147476485,0.527902726,-3.541927724,-0.147476485
1.855000,0.000000,0.000000,-0.135657766,0.180213128,-3.545937396,-0.135657766
1.856000,0.000000,0.000000,-0.130837402,0.256210201,-3.576882440,-0.130837402
1.857000,0.000000,0.000000,-0.139189153,0.134161641,-3.478275109,-0.139189153
1.858000,0.000000,0.000000,-0.147382387,0.287452498,-3.316677390,-0.147382387
1.859000,0.000000,0.000000,-0.147382387,0.287452498,-3.316677390,-0.147382387
1.860000,0.000000,0.000000,-0.146573066,0.341805980,-3.138205589,-0.146573066
1.861000,0.000000,0.000000,-0.146664230,0.460328549,-2.969060310,-0.146664230
1.862000,0.000000,0.000000,-0.140460752,0.501125280,-2.946834161,-0.140460752
1.863000,0.000000,0.000000,-0.119307258,0.324551244,-3.145945986,-0.119307258
1.864000,0.000000,0.000000,-0.119307258,0.324551244,-3.145945986,-0.119307258
1.865000,0.000000,0.000000,-0.108629790,0.142526272,-3.172496094,-0.108629790
1.866000,0.000000,0.000000,-0.119772232,-0.028068197,-3.187537303,-0.119772232
1.867000,0.000000,0.000000,-0.116948103,-0.240056986,-3.326352084,-0.116948103
1.868000,0.000000,0.000000,-0.131169474,-0.524632414,-3.491009928,-0.131169474
1.869000,0.000000,0.000000,-0.131169474,-0.524632414,-3.491009928,-0.131169474
1.870000,0.000000,0.000000,-0.128685261,-0.569475878,-3.507012576,-0.128685261
1.871000,0.000000,0.000000,-0.131024273,-0.524933812,-3.417185351,-0.131024273
1.872000,0.000000,0.000000,-0.145635726,-0.297493508,-3.212982441,-0.145635726
1.873000,0.000000,0.000000,-0.175864165,-0.285964033,-2.933270833,-0.175864165
1.874000,0.000000,0.000000,-0.175864165,-0.285964033,-2.933270833,-0.175864165
1.875000,0.000000,0.000000,-0.191899963,-0.332086335,-2.743128440,-0.191899963
1.876000,0.000000,0.000000,-0.205144737,-0.380207372,-2.937789286,-0.205144737
1.877000,0.000000,0.000000,-0.204158752,-0.422281341,-2.856660916,-0.204158752
1.878000,0.000000,0.000000,-0.215109292,-0.137928104,-2.433235508,-0.215109292
1.879000,0.000000,0.000000,-0.221901448,0.134385865,-2.454950431,-0.221901448
1.880000,0.000000,0.000000,-0.218809753,0.027646202,-2.434497381,-0.218809753
1.881000,0.000000,0.000000,-0.216106572,0.059983548,-2.605110096,-0.216106572
1.882000,0.000000,0.000000,-0.205393414,0.042250460,-2.751150867,-0.205393414
1.883000,0.000000,0.000000,-0.204376180,-0.115742979,-2.693476172,-0.204376180
1.884000,0.000000,0.000000,-0.197203590,-0.128218671,-2.831544653,-0.197203590
1.885000,0.000000,0.000000,-0.184649149,-0.013462915,-2.763767377,-0.184649149
1.886000,0.000000,0.000000,-0.198805087,0.086872207,-2.578843539,-0.198805087
1.887000,0.000000,0.000000,-0.203943854,-0.094106954,-2.110981799,-0.203943854
1.888000,0.000000,0.000000,-0.196825592,0.016362197,-2.196584975,-0.196825592
1.889000,0.000000,0.000000,-0.196885022,0.112949386,-2.271430939,-0.196885022
1.890000,0.000000,0.000000,-0.209503355,0.134567217,-2.274039628,-0.209503355
1.891000,0.000000,0.000000,-0.214252836,0.216300324,-2.464816059,-0.214252836
1.892000,0.000000,0.000000,-0.214252836,0.216300324,-2.464816059,-0.214252836
1.893000,0.000000,0.000000,-0.214252836,0.216300324,-2.464816059,-0.214252836
1.894000,0.000000,0.000000,-0.206361277,-0.202399614,-2.644101336,-0.206361277
1.895000,0.000000,0.000000,-0.187745821,-0.385972371,-2.678981608,-0.187745821
1.896000,0.000000,0.000000,-0.188946249,-0.427321889,-2.630375970,-0.188946249
1.897000,0.000000,0.000000,-0.167359906,-0.377317467,-2.613552892,-0.167359906
1.898000,0.000000,0.000000,-0.177405289,-0.356922739,-2.636001122,-0.177405289
1.899000,0.000000,0.000000,-0.186188332,-0.276259036,-2.718460277,-0.186188332
1.900000,0.000000,0.000000,-0.200150850,-0.268563685,-2.790557309,-0.200150850
1.901000,0.000000,0.000000,-0.212358787,-0.450330920,-2.727930655,-0.212358787
1.902000,0.000000,0.000000,-0.221377923,-0.269243336,-2.688129932,-0.221377923
1.903000,0.000000,0.000000,-0.239259961,-0.075872235,-2.767576053,-0.239259961
1.904000,0.000000,0.000000,-0.246553302,-0.281853792,-2.959164721,-0.246553302
1.905000,0.000000,0.000000,-0.240363764,-0.461950943,-3.063845794,-0.240363764
1.906000,0.000000,0.000000,-0.241997150,-0.631430492,-2.999861117,-0.241997150
1.907000,0.000000,0.000000,-0.248946525,-0.453439274,-3.162259983,-0.248946525
1.908000,0.000000,0.000000,-0.261305802,-0.297815091,-3.241419352,-0.261305802
1.909000,0.000000,0.000000,-0.265828781,-0.350242780,-3.184967556,-0.265828781
1.910000,0.000000,0.000000,-0.250933829,-0.396082211,-3.135609702,-0.250933829
1.911000,0.000000,0.000000,-0.226523979,-0.534035735,-2.819185992,-0.226523979
1.912000,0.000000,0.000000,-0.216568215,-0.556779062,-2.752961752,-0.216568215
1.913000,0.000000,0.000000,-0.220429899,-0.325336966,-2.820723201,-0.220429899
1.914000,0.000000,0.000000,-0.217523125,-0.248642448,-3.005633201,-0.217523125
1.915000,0.000000,0.000000,-0.214981627,-0.118753794,-3.167306726,-0.214981627
1.916000,0.000000,0.000000,-0.214981627,-0.118753794,-3.167306726,-0.214981627
1.917000,0.000000,0.000000,-0.219042688,-0.130851135,-3.120168197,-0.219042688
1.918000,0.000000,0.000000,-0.241243032,-0.371603304,-3.563748536,-0.241243032
1.919000,0.000000,0.000000,-0.229437617,-0.163431080,-3.529623513,-0.229437617
1.920000,0.000000,0.000000,-0.237965270,0.018581451,-3.374123061,-0.237965270
1.921000,0.000000,0.000000,-0.228386785,0.128368072,-3.307784440,-0.228386785
1.922000,0.000000,0.000000,-0.230763305,0.085216481,-3.368656667,-0.230763305
1.923000,0.000000,0.000000,-0.232841181,0.047487479,-3.359047611,-0.232841181
1.924000,0.000000,0.000000,-0.222091574,0.140163348,-3.413477918,-0.222091574
1.925000,0.000000,0.000000,-0.206409617,0.158361372,-3.335404605,-0.206409617
1.926000,0.000000,0.000000,-0.168933219,0.070416275,-3.254498525,-0.168933219
1.927000,0.000000,0.000000,-0.159931338,0.223042681,-3.196403152,-0.159931338
1.928000,0.000000,0.000000,-0.167519081,0.589981311,-3.188029280,-0.167519081
1.929000,0.000000,0.000000,-0.174533213,0.565182669,-2.859258870,-0.174533213
1.930000,0.000000,0.000000,-0.174533213,0.565182669,-2.859258870,-0.174533213
1.931000,0.000000,0.000000,-0.193251203,0.679784391,-2.490157720,-0.193251203
1.932000,0.000000,0.000000,-0.212609360,0.693003487,-2.276784833,-0.212609360
1.933000,0.000000,0.000000,-0.216968529,0.767393276,-2.215888879,-0.216968529
1.934000,0.000000,0.000000,-0.224112336,0.881407598,-2.414460473,-0.224112336
1.935000,0.000000,0.000000,-0.224112336,0.881407598,-2.414460473,-0.224112336
1.936000,0.000000,0.000000,-0.234277568,0.725135708,-2.385661424,-0.234277568
1.937000,0.000000,0.000000,-0.235913829,0.669823937,-2.373915487,-0.235913829
1.938000,0.000000,0.000000,-0.243627657,0.558630995,-2.426477442,-0.243627657
1.939000,0.000000,0.000000,-0.243627657,0.558630995,-2.426477442,-0.243627657
1.940000,0.000000,0.000000,-0.243627657,0.558630995,-2.426477442,-0.243627657
1.941000,0.000000,0.000000,-0.243627657,0.558630995,-2.426477442,-0.243627657
1.942000,0.000000,0.000000,-0.255905691,0.110175631,-2.317817591,-0.255905691
1.943000,0.000000,0.000000,-0.261107268,0.194973876,-2.126101603,-0.261107268
1.944000,0.000000,0.000000,-0.275914798,0.326045576,-2.110285292,-0.275914798
1.945000,0.000000,0.000000,-0.275914798,0.326045576,-2.110285292,-0.275914798
1.946000,0.000000,0.000000,-0.256608263,0.080836782,-2.325834654,-0.256608263
1.947000,0.000000,0.000000,-0.242871996,-0.019173704,-2.321606771,-0.242871996
1.948000,0.000000,0.000000,-0.243428250,-0.043784649,-2.317910180,-0.243428250
1.949000,0.000000,0.000000,-0.256116641,-0.256821264,-2.358892691,-0.256116641
1.950000,0.000000,0.000000,-0.256116641,-0.256821264,-2.358892691,-0.256116641
1.951000,0.000000,0.000000,-0.242262855,-0.176248348,-2.343181857,-0.242262855
1.952000,0.000000,0.000000,-0.249178841,-0.118288858,-2.336774060,-0.249178841
1.953000,0.000000,0.000000,-0.242659368,-0.193276479,-2.142675932,-0.242659368
1.954000,0.000000,0.000000,-0.233801613,-0.263318972,-1.922493319,-0.233801613
1.955000,0.000000,0.000000,-0.235497685,-0.320081571,-1.780455244,-0.235497685
1.956000,0.000000,0.000000,-0.249546992,-0.495374877,-1.970425465,-0.249546992
1.957000,0.000000,0.000000,-0.249264441,-0.334480912,-2.010859618,-0.249264441
1.958000,0.000000,0.000000,-0.237814163,-0.141535378,-2.375491016,-0.237814163
1.959000,0.000000,0.000000,-0.245289188,-0.213601754,-2.365023131,-0.245289188
1.960000,0.000000,0.000000,-0.232975318,-0.150948297,-2.293038825,-0.232975318
1.961000,0.000000,0.000000,-0.228492040,-0.158999958,-2.418595894,-0.228492040
1.962000,0.000000,0.000000,-0.224572147,-0.166039818,-2.402711290,-0.224572147
1.963000,0.000000,0.000000,-0.217358657,-0.106849205,-2.682943179,-0.217358657
1.964000,0.000000,0.000000,-0.202271456,0.005221185,-2.822335274,-0.202271456
1.965000,0.000000,0.000000,-0.201646539,0.103208394,-2.755715283,-0.201646539
1.966000,0.000000,0.000000,-0.207383336,0.188882167,-2.760298860,-0.207383336
1.967000,0.000000,0.000000,-0.206116041,0.389453563,-2.764306448,-0.206116041
1.968000,0.000000,0.000000,-0.209532815,0.537550140,-2.755082717,-0.209532815
1.969000,0.000000,0.000000,-0.209532815,0.537550140,-2.755082717,-0.209532815
1.970000,0.000000,0.000000,-0.217638432,0.415228590,-2.410518806,-0.217638432
1.971000,0.000000,0.000000,-0.208799259,0.273197189,-2.395649199,-0.208799259
1.972000,0.000000,0.000000,-0.213637219,0.337509541,-2.256984455,-0.213637219
1.973000,0.000000,0.000000,-0.233342472,0.152432423,-2.155404345,-0.233342472
1.974000,0.000000,0.000000,-0.241379426,0.169088669,-2.172593367,-0.241379426
1.975000,0.000000,0.000000,-0.248406427,0.120819977,-2.187622352,-0.248406427
1.976000,0.000000,0.000000,-0.254550389,0.078616907,-2.200762739,-0.254550389
1.977000,0.000000,0.000000,-0.259922278,0.293044644,-2.086588150,-0.259922278
1.978000,0.000000,0.000000,-0.268725731,0.385225776,-2.315614727,-0.268725731
1.979000,0.000000,0.000000,-0.253466738,0.246964641,-2.249839265,-0.253466738
1.980000,0.000000,0.000000,-0.240125247,0.251741618,-2.192329391,-0.240125247
1.981000,0.000000,0.000000,-0.241026668,0.193086450,-2.330541980,-0.241026668
1.982000,0.000000,0.000000,-0.254381183,0.267465813,-2.325722557,-0.254381183
1.983000,0.000000,0.000000,-0.269983380,0.742662801,-2.254992633,-0.269983380
1.984000,0.000000,0.000000,-0.267132717,0.810812216,-2.196835168,-0.267132717
1.985000,0.000000,0.000000,-0.270923464,0.744734018,-2.083154132,-0.270923464
1.986000,0.000000,0.000000,-0.280521037,0.749791304,-2.109422383,-0.280521037
1.987000,0.000000,0.000000,-0.276346173,0.879876778,-2.132389668,-0.276346173
1.988000,0.000000,0.000000,-0.275787590,0.723965451,-1.997324268,-0.275787590
1.989000,0.000000,0.000000,-0.275787590,0.723965451,-1.997324268,-0.275787590
1.990000,0.000000,0.000000,-0.275787590,0.723965451,-1.997324268,-0.275787590
1.991000,0.000000,0.000000,-0.275787590,0.723965451,-1.997324268,-0.275787590
1.992000,0.000000,0.000000,-0.275910454,0.602496914,-2.189604383,-0.275910454
1.993000,0.000000,0.000000,-0.274664930,0.708309786,-2.033167172,-0.274664930
1.994000,0.000000,0.000000,-0.261146401,0.789199913,-1.866536077,-0.261146401
1.995000,0.000000,0.000000,-0.271972596,0.788669450,-1.920025356,-0.271972596
1.996000,0.000000,0.000000,-0.275155146,0.662541940,-1.903961120,-0.275155146
1.997000,0.000000,0.000000,-0.274087524,0.463739829,-2.121066776,-0.274087524
1.998000,0.000000,0.000000,-0.283287490,0.315612327,-2.205402636,-0.283287490
1.999000,0.000000,0.000000,-0.285048168,0.248930929,-2.216308687,-0.285048168
2.000000,0.800000,121.212121,-0.274021223,0.127797109,-2.100180537,-0.274021223
2.001000,0.800000,121.212121,-0.270663149,0.147549120,-2.061477334,-0.270663149
2.002000,0.800000,121.212121,-0.265949506,0.360518596,-2.343458899,-0.265949506
2.003000,0.800000,121.212121,-0.276172125,0.351025963,-2.085688876,-0.276172125
2.004000,0.800000,121.212121,-0.285110132,0.405558062,-1.923143042,-0.285110132
2.005000,0.800000,121.212121,-0.286641770,0.516069308,-1.781023320,-0.286641770
2.006000,0.800000,121.212121,-0.281697752,0.549861449,-1.719594743,-0.281697752
2.007000,0.800000,121.212121,-0.301048798,-0.026035004,-1.910654143,-0.301048798
2.008000,0.800000,121.212121,-0.301048798,-0.026035004,-1.910654143,-0.301048798
2.009000,0.800000,121.212121,-0.294294339,-0.049783732,-1.958599382,-0.294294339
2.010000,0.800000,121.212121,-0.294294339,-0.049783732,-1.958599382,-0.294294339
2.011000,0.800000,121.212121,-0.278710460,-0.034841435,-1.855385184,-0.278710460
2.012000,0.800000,121.212121,-0.277595002,0.213191908,-1.597068766,-0.277595002
2.013000,0.800000,121.212121,-0.273787834,0.222212892,-1.370261040,-0.273787834
2.014000,0.800000,121.212121,-0.276742275,0.041604706,-1.297618520,-0.276742275
2.015000,0.800000,121.212121,-0.276090395,-0.120816643,-1.186467623,-0.276090395
2.016000,0.800000,121.212121,-0.276090395,-0.120816643,-1.186467623,-0.276090395
2.017000,0.800000,121.212121,-0.275592057,-0.213732791,-1.203473424,-0.275592057
2.018000,0.800000,121.212121,-0.278319772,-0.339558426,-1.151790054,-0.278319772
2.019000,0.800000,121.212121,-0.286987898,-0.449572346,-1.295096967,-0.286987898
2.020000,0.800000,121.212121,-0.288626853,-0.692695037,-1.349348495,-0.288626853
2.021000,0.800000,121.212121,-0.288626853,-0.692695037,-1.349348495,-0.288626853
2.022000,0.800000,121.212121,-0.274922321,-0.858003511,-1.132352704,-0.274922321
2.023000,0.800000,121.212121,-0.271451012,-0.714372140,-1.215270333,-0.271451012
2.024000,0.800000,121.212121,-0.260268613,-0.777356913,-1.060683550,-0.260268613
2.025000,0.800000,121.212121,-0.271205114,-0.832355452,-1.089775537,-0.271205114
2.026000,0.800000,121.212121,-0.274484109,-0.943274524,-1.240875424,-0.274484109
2.027000,0.800000,121.212121,-0.277351053,-0.851759535,-1.310155686,-0.277351053
2.028000,0.800000,121.212121,-0.286140911,-0.897408365,-1.559225492,-0.286140911
2.029000,0.800000,121.212121,-0.281696177,-0.744577317,-1.614097085,-0.281696177
2.030000,0.800000,121.212121,-0.277373641,-0.740863208,-1.699308783,-0.277373641
2.031000,0.800000,121.212121,-0.273594290,-0.800447682,-1.648148757,-0.273594290
2.032000,0.800000,121.212121,-0.273594290,-0.800447682,-1.648148757,-0.273594290
2.033000,0.800000,121.212121,-0.273594290,-0.800447682,-1.648148757,-0.273594290
2.034000,0.800000,121.212121,-0.273594290,-0.800447682,-1.648148757,-0.273594290
2.035000,0.800000,121.212121,-0.233563358,-0.970264739,-1.634830102,-0.233563358
2.036000,0.800000,121.212121,-0.222722999,-0.812526207,-1.843100118,-0.222722999
2.037000,0.800000,121.212121,-0.209661865,-0.601064746,-1.768277151,-0.209661865
2.038000,0.800000,121.212121,-0.201256236,-0.400265280,-1.836741397,-0.201256236
2.039000,0.800000,121.212121,-0.207042080,-0.376986845,-1.956806638,-0.207042080
2.040000,0.800000,121.212121,-0.218384039,-0.356633664,-1.998952183,-0.218384039
2.041000,0.800000,121.212121,-0.222017541,-0.338838140,-1.910137857,-0.222017541
2.042000,0.800000,121.212121,-0.212628072,-0.386110720,-1.769652415,-0.212628072
2.043000,0.800000,121.212121,-0.221583781,-0.275085477,-1.610152374,-0.221583781
2.044000,0.800000,121.212121,-0.237381562,-0.330369453,-1.758691632,-0.237381562
2.045000,0.800000,121.212121,-0.238627764,-0.253042534,-1.951396749,-0.238627764
2.046000,0.800000,121.212121,-0.233434178,-0.185432802,-1.994222121,-0.233434178
2.047000,0.800000,121.212121,-0.228893238,-0.126319159,-2.031665898,-0.228893238
2.048000,0.800000,121.212121,-0.239511532,-0.264979753,-2.336460498,-0.239511532
2.049000,0.800000,121.212121,-0.240490074,-0.447197358,-2.456561038,-0.240490074
2.050000,0.800000,121.212121,-0.235062464,-0.480853117,-2.561569300,-0.235062464
2.051000,0.800000,121.212121,-0.217750536,-0.447447716,-2.716213687,-0.217750536
2.052000,0.800000,121.212121,-0.221463646,-0.229744602,-2.662929328,-0.221463646
2.053000,0.800000,121.212121,-0.227548691,-0.108508730,-2.756206783,-0.227548691
2.054000,0.800000,121.212121,-0.217464157,-0.059061652,-2.760728596,-0.217464157
2.055000,0.800000,121.212121,-0.214930069,-0.078660129,-2.764682182,-0.214930069
2.056000,0.800000,121.212121,-0.206431238,0.092699770,-2.642475239,-0.206431238
2.057000,0.800000,121.212121,-0.192717217,0.179694096,-2.535625274,-0.192717217
2.058000,0.800000,121.212121,-0.180726550,0.130092686,-2.693529883,-0.180726550
2.059000,0.800000,121.212121,-0.167359428,0.103742053,-2.716767951,-0.167359428
2.060000,0.800000,121.212121,-0.171121686,0.252180618,-2.663413941,-0.171121686
2.061000,0.800000,121.212121,-0.183294590,0.168212665,-3.096566811,-0.183294590
2.062000,0.800000,121.212121,-0.183294590,0.168212665,-3.096566811,-0.183294590
2.063000,0.800000,121.212121,-0.179520267,0.077947233,-3.268306884,-0.179520267
2.064000,0.800000,121.212121,-0.169187978,-0.084531995,-3.396971860,-0.169187978
2.065000,0.800000,121.212121,-0.160154083,-0.100929775,-3.446636465,-0.160154083
2.066000,0.800000,121.212121,-0.146138901,-0.072866291,-3.520131149,-0.146138901
2.067000,0.800000,121.212121,-0.146138901,-0.072866291,-3.520131149,-0.146138901
2.068000,0.800000,121.212121,-0.134635232,0.137082790,-3.647042722,-0.134635232
2.069000,0.800000,121.212121,-0.136226548,0.218499781,-3.728114349,-0.136226548
2.070000,0.800000,121.212121,-0.131334708,0.352517464,-3.736166362,-0.131334708
2.071000,0.800000,121.212121,-0.164931552,0.438586288,-3.867130025,-0.164931552
2.072000,0.800000,121.212121,-0.164931552,0.438586288,-3.867130025,-0.164931552
2.073000,0.800000,121.212121,-0.136435165,0.056997760,-3.676774810,-0.136435165
2.074000,0.800000,121.212121,-0.118950739,0.085646680,-3.754110193,-0.118950739
2.075000,0.800000,121.212121,-0.116229842,0.110695470,-3.821727324,-0.116229842
2.076000,0.800000,121.212121,-0.134534870,0.206681603,-4.238801879,-0.134534870
2.077000,0.800000,121.212121,-0.134534870,0.206681603,-4.238801879,-0.134534870
2.078000,0.800000,121.212121,-0.150107541,0.350787079,-4.353353416,-0.150107541
2.079000,0.800000,121.212121,-0.143471364,0.342517344,-4.282835570,-0.143471364
2.080000,0.800000,121.212121,-0.143952299,0.523782374,-4.221179258,-0.143952299
2.081000,0.800000,121.212121,-0.126680468,0.514575968,-4.190864416,-0.126680468
2.082000,0.800000,121.212121,-0.126680468,0.514575968,-4.190864416,-0.126680468
2.083000,0.800000,121.212121,-0.119759961,0.287793324,-4.214730298,-0.119759961
2.084000,0.800000,121.212121,-0.116937374,0.224607765,-4.224464200,-0.116937374
2.085000,0.800000,121.212121,-0.114469483,0.232194190,-4.358638610,-0.114469483
2.086000,0.800000,121.212121,-0.098648301,-0.045845389,-4.633459836,-0.098648301
2.087000,0.800000,121.212121,-0.098648301,-0.045845389,-4.633459836,-0.098648301
2.088000,0.800000,121.212121,-0.110107182,-0.148524286,-4.608014713,-0.110107182
2.089000,0.800000,121.212121,-0.114780784,-0.156880558,-4.631158891,-0.114780784
2.090000,0.800000,121.212121,-0.118867083,-0.038523043,-4.651394686,-0.118867083
2.091000,0.800000,121.212121,-0.102799676,0.218273135,-4.496061552,-0.102799676
2.092000,0.800000,121.212121,-0.102799676,0.218273135,-4.496061552,-0.102799676
2.093000,0.800000,121.212121,-0.124267993,0.343857020,-4.338170168,-0.124267993
2.094000,0.800000,121.212121,-0.108312539,0.399289995,-4.269560306,-0.108312539
2.095000,0.800000,121.212121,-0.106928477,0.322093351,-4.335235919,-0.106928477
2.096000,0.800000,121.212121,-0.104660276,0.007087912,-4.442865131,-0.104660276
2.097000,0.800000,121.212121,-0.104660276,0.007087912,-4.442865131,-0.104660276
2.098000,0.800000,121.212121,-0.098222269,0.080436873,-4.344543908,-0.098222269
2.099000,0.800000,121.212121,-0.091823002,0.106140347,-4.086637538,-0.091823002
2.100000,0.800000,121.212121,-0.092511077,0.128613827,-3.986804345,-0.092511077
2.101000,0.800000,121.212121,-0.104625927,0.353938931,-3.705429661,-0.104625927
2.102000,0.800000,121.212121,-0.104625927,0.353938931,-3.705429661,-0.104625927
2.103000,0.800000,121.212121,-0.097406442,0.314009241,-3.600201196,-0.097406442
2.104000,0.800000,121.212121,-0.097392881,0.059033733,-3.561495397,-0.097392881
2.105000,0.800000,121.212121,-0.097392881,0.059033733,-3.561495397,-0.097392881
2.106000,0.800000,121.212121,-0.097392881,0.059033733,-3.561495397,-0.097392881
2.107000,0.800000,121.212121,-0.097392881,0.059033733,-3.561495397,-0.097392881
2.108000,0.800000,121.212121,-0.097353666,0.160830950,-3.684568540,-0.097353666
2.109000,0.800000,121.212121,-0.067503888,0.315735907,-3.654981158,-0.067503888
2.110000,0.800000,121.212121,-0.071247993,0.311870833,-3.546559652,-0.071247993
2.111000,0.800000,121.212121,-0.071247993,0.311870833,-3.546559652,-0.071247993
2.112000,0.800000,121.212121,-0.083667017,0.368368600,-3.368878462,-0.083667017
2.113000,0.800000,121.212121,-0.092371345,0.647095152,-3.233047597,-0.092371345
2.114000,0.800000,121.212121,-0.086707327,0.790085806,-3.177647826,-0.086707327
2.115000,0.800000,121.212121,-0.075471886,0.789444018,-3.192041649,-0.075471886
2.116000,0.800000,121.212121,-0.080612846,0.552856210,-3.097862227,-0.080612846
2.117000,0.800000,121.212121,-0.080612846,0.552856210,-3.097862227,-0.080612846
2.118000,0.800000,121.212121,-0.042929332,0.309161506,-3.316337669,-0.042929332
2.119000,0.800000,121.212121,-0.030912010,0.306122595,-3.124807653,-0.030912010
2.120000,0.800000,121.212121,-0.020404830,0.303465564,-2.831682303,-0.020404830
2.121000,0.800000,121.212121,-0.032232881,0.307006906,-2.759548643,-0.032232881
2.122000,0.800000,121.212121,-0.032232881,0.307006906,-2.759548643,-0.032232881
2.123000,0.800000,121.212121,-0.023215012,0.301818450,-2.523805185,-0.023215012
2.124000,0.800000,121.212121,-0.026241436,0.236870442,-2.557531444,-0.026241436
2.125000,0.800000,121.212121,-0.022604362,0.117252187,-2.775515096,-0.022604362
2.126000,0.800000,121.212121,-0.009571171,0.038989785,-2.960042567,-0.009571171
2.127000,0.800000,121.212121,-0.009571171,0.038989785,-2.960042567,-0.009571171
2.128000,0.800000,121.212121,-0.012963706,-0.146502707,-3.093211484,-0.012963706
2.129000,0.800000,121.212121,-0.004711975,-0.217944870,-3.181047744,-0.004711975
2.130000,0.800000,121.212121,0.002502812,-0.343241200,-3.257846174,0.002502812
2.131000,0.800000,121.212121,0.002502812,-0.343241200,-3.257846174,0.002502812
2.132000,0.800000,121.212121,-0.014720815,-0.666344879,-3.328767290,-0.014720815
2.133000,0.800000,121.212121,-0.016900423,-0.371546368,-3.021784176,-0.016900423
2.134000,0.800000,121.212121,-0.027003546,-0.163381299,-2.992932550,-0.027003546
2.135000,0.800000,121.212121,-0.035837073,-0.169870583,-3.030538379,-0.035837073
2.136000,0.800000,121.212121,-0.035837073,-0.169870583,-3.030538379,-0.035837073
2.137000,0.800000,121.212121,-0.035837073,-0.169870583,-3.030538379,-0.035837073
2.138000,0.800000,121.212121,-0.037222935,-0.615309614,-3.055286101,-0.037222935
2.139000,0.800000,121.212121,-0.051055442,-0.565007911,-3.022224499,-0.051055442
2.140000,0.800000,121.212121,-0.063149704,-0.646691013,-2.993317540,-0.063149704
2.141000,0.800000,121.212121,-0.059416180,-0.607849108,-3.244312708,-0.059416180
2.142000,0.800000,121.212121,-0.059416180,-0.607849108,-3.244312708,-0.059416180
2.143000,0.800000,121.212121,-0.051857986,-0.797900550,-3.538166121,-0.051857986
2.144000,0.800000,121.212121,-0.051285027,-0.913149353,-3.507255879,-0.051285027
2.145000,0.800000,121.212121,-0.038217698,-1.076747417,-3.605893639,-0.038217698
2.146000,0.800000,121.212121,-0.011309338,-1.172147773,-3.602732715,-0.011309338
2.147000,0.800000,121.212121,-0.011309338,-1.172147773,-3.602732715,-0.011309338
2.148000,0.800000,121.212121,-0.007219718,-1.009541861,-3.537484450,-0.007219718
2.149000,0.800000,121.212121,-0.005972984,-1.035363179,-3.506659869,-0.005972984
2.150000,0.800000,121.212121,-0.011166104,-0.932275988,-3.542540673,-0.011166104
2.151000,0.800000,121.212121,-0.031453394,-0.598528166,-3.962541894,-0.031453394
2.152000,0.800000,121.212121,-0.031453394,-0.598528166,-3.962541894,-0.031453394
2.153000,0.800000,121.212121,-0.040679110,-0.508198494,-4.095122129,-0.040679110
2.154000,0.800000,121.212121,-0.041510930,-0.282861213,-4.057054584,-0.041510930
2.155000,0.800000,121.212121,-0.048521406,-0.337168061,-3.960938895,-0.048521406
2.156000,0.800000,121.212121,-0.066293360,-0.842302059,-3.929088185,-0.066293360
2.157000,0.800000,121.212121,-0.066293360,-0.842302059,-3.929088185,-0.066293360
2.158000,0.800000,121.212121,-0.037476219,-0.985027063,-3.834011929,-0.037476219
2.159000,0.800000,121.212121,-0.038710526,-1.076760855,-3.891588313,-0.038710526
2.160000,0.800000,121.212121,-0.046072911,-1.156967038,-4.004761288,-0.046072911
2.161000,0.800000,121.212121,-0.051855204,-1.052872906,-4.370829062,-0.051855204
2.162000,0.800000,121.212121,-0.045288324,-0.745656332,-4.344411099,-0.045288324
2.163000,0.800000,121.212121,-0.051824119,-0.616142924,-4.212185125,-0.051824119
2.164000,0.800000,121.212121,-0.051255416,-0.502904652,-4.096575157,-0.051255416
2.165000,0.800000,121.212121,-0.050323425,-0.560761471,-4.016985852,-0.050323425
2.166000,0.800000,121.212121,-0.056226490,-0.517314490,-3.925905348,-0.056226490
2.167000,0.800000,121.212121,-0.055104569,-0.542159070,-3.720606652,-0.055104569
2.168000,0.800000,121.212121,-0.041557261,-0.501049736,-3.603938403,-0.041557261
2.169000,0.800000,121.212121,-0.042278730,-0.527938206,-3.564762973,-0.042278730
2.170000,0.800000,121.212121,-0.008130665,-0.265739455,-3.555498436,-0.008130665
2.171000,0.800000,121.212121,-0.006769458,-0.133702328,-3.585242005,-0.006769458
2.172000,0.800000,121.212121,-0.005579306,-0.018257475,-3.548416033,-0.005579306
2.173000,0.800000,121.212121,-0.010821897,-0.042983557,-3.516217749,-0.010821897
2.174000,0.800000,121.212121,-0.002839315,-0.127434321,-3.613729327,-0.002839315
2.175000,0.800000,121.212121,-0.008607012,-0.375704592,-3.891299347,-0.008607012
2.176000,0.800000,121.212121,-0.000902760,-0.418344397,-3.753181222,-0.000902760
2.177000,0.800000,121.212121,0.012116532,-0.392794074,-3.632419533,0.012116532
2.178000,0.800000,121.212121,0.017216587,-0.307622645,-3.778160617,0.017216587
2.179000,0.800000,121.212121,0.015392564,-0.295986027,-3.779923630,0.015392564
2.180000,0.800000,121.212121,0.006909739,-0.323956421,-3.719981004,0.006909739
2.181000,0.800000,121.212121,0.006380913,-0.373099093,-3.666223230,0.006380913
2.182000,0.800000,121.212121,-0.012545715,-0.516465969,-3.695892999,-0.012545715
2.183000,0.800000,121.212121,-0.023196067,-0.541417178,-3.707994066,-0.023196067
2.184000,0.800000,121.212121,-0.010813077,-0.291835011,-3.680784812,-0.010813077
2.185000,0.800000,121.212121,-0.010813077,-0.291835011,-3.680784812,-0.010813077
2.186000,0.800000,121.212121,0.007288606,-0.315388390,-3.923664720,0.007288606
2.187000,0.800000,121.212121,0.019278541,-0.428439606,-3.781479442,0.019278541
2.188000,0.800000,121.212121,0.044421266,-0.079804023,-3.485634320,0.044421266
2.189000,0.800000,121.212121,0.039178603,-0.033964084,-3.461325419,0.039178603
2.190000,0.800000,121.212121,0.034594752,-0.056716415,-3.377239411,0.034594752
2.191000,0.800000,121.212121,0.030586925,-0.202273310,-3.303719963,0.030586925
2.192000,0.800000,121.212121,0.045932292,-0.266707133,-3.365102947,0.045932292
2.193000,0.800000,121.212121,0.042033062,-0.018997230,-3.340033691,0.042033062
2.194000,0.800000,121.212121,0.062223250,0.019201502,-3.459685210,0.062223250
2.195000,0.800000,121.212121,0.061026709,-0.135895520,-3.501469024,0.061026709
2.196000,0.800000,121.212121,0.059980529,-0.271502475,-3.538002128,0.059980529
2.197000,0.800000,121.212121,0.071632187,-0.264404851,-3.695608053,0.071632187
2.198000,0.800000,121.212121,0.084443742,-0.299813750,-3.647629101,0.084443742
2.199000,0.800000,121.212121,0.086738076,-0.351990280,-3.602963335,0.086738076
2.200000,0.800000,121.212121,0.088744096,-0.397610113,-3.689574141,0.088744096
2.201000,0.800000,121.212121,0.090498032,-0.500329043,-3.639637406,0.090498032
2.202000,0.800000,121.212121,0.098314748,-0.590139931,-3.470312200,0.098314748
2.203000,0.800000,121.212121,0.117407968,-0.501785991,-3.310590033,0.117407968
2.204000,0.800000,121.212121,0.115559896,-0.465750087,-3.308277846,0.115559896
2.205000,0.800000,121.212121,0.115559896,-0.465750087,-3.308277846,0.115559896
2.206000,0.800000,121.212121,0.115559896,-0.465750087,-3.308277846,0.115559896
2.207000,0.800000,121.212121,0.124308077,-0.288926417,-3.477192825,0.124308077
2.208000,0.800000,121.212121,0.150303439,-0.249620236,-3.021412430,0.150303439
2.209000,0.800000,121.212121,0.156887971,-0.245272416,-2.992607519,0.156887971
2.210000,0.800000,121.212121,0.150078695,-0.178639105,-2.904590487,0.150078695
2.211000,0.800000,121.212121,0.150408284,-0.183211037,-2.827634001,0.150408284
2.212000,0.800000,121.212121,0.150696455,-0.250040296,-2.760348152,0.150696455
2.213000,0.800000,121.212121,0.133898290,-0.469432441,-2.767848109,0.133898290
2.214000,0.800000,121.212121,0.148827539,-0.500294057,-2.770907031,0.148827539
2.215000,0.800000,121.212121,0.161880723,-0.527277489,-2.836413410,0.161880723
2.216000,0.800000,121.212121,0.160727225,-0.739365641,-2.893688014,0.160727225
2.217000,0.800000,121.212121,0.172285050,-0.924802010,-2.880933426,0.172285050
2.218000,0.800000,121.212121,0.192015586,-1.228695178,-2.750158866,0.192015586
2.219000,0.800000,121.212121,0.205924785,-1.038481319,-2.818272536,0.205924785
2.220000,0.800000,121.212121,0.205519732,-0.872170438,-2.814994937,0.205519732
2.221000,0.800000,121.212121,0.205165579,-0.726758799,-2.686465507,0.205165579
2.222000,0.800000,121.212121,0.198572746,-0.599620126,-2.511255708,0.198572746
2.223000,0.800000,121.212121,0.211322013,-0.626801281,-2.687298254,0.211322013
2.224000,0.800000,121.212121,0.229088280,-0.700719199,-2.700479368,0.229088280
2.225000,0.800000,121.212121,0.250905158,-0.828180170,-2.837667801,0.250905158
2.226000,0.800000,121.212121,0.257414075,-0.876792070,-3.020448480,0.257414075
2.227000,0.800000,121.212121,0.269388243,-0.919295219,-3.180260262,0.269388243
2.228000,0.800000,121.212121,0.307861069,-0.863285684,-3.018128245,0.307861069
2.229000,0.800000,121.212121,0.319779066,-0.718990536,-2.801240478,0.319779066
2.230000,0.800000,121.212121,0.319779066,-0.718990536,-2.801240478,0.319779066
2.231000,0.800000,121.212121,0.319779066,-0.718990536,-2.801240478,0.319779066
2.232000,0.800000,121.212121,0.319779066,-0.718990536,-2.801240478,0.319779066
2.233000,0.800000,121.212121,0.334399307,-0.914998757,-3.014065747,0.334399307
2.234000,0.800000,121.212121,0.336699225,-0.952700712,-3.174679606,0.336699225
2.235000,0.800000,121.212121,0.369515554,-0.951654832,-3.194461911,0.369515554
2.236000,0.800000,121.212121,0.379969005,-0.921918595,-3.143910960,0.379969005
2.237000,0.800000,121.212121,0.408876926,-0.936018697,-3.068963734,0.408876926
2.238000,0.800000,121.212121,0.433233637,-0.908247355,-3.097015203,0.433233637
2.239000,0.800000,121.212121,0.454529594,-0.758302157,-3.121541620,0.454529594
2.240000,0.800000,121.212121,0.466866237,-0.564367775,-3.017322251,0.466866237
2.241000,0.800000,121.212121,0.471369426,-0.457635759,-2.989031327,0.471369426
2.242000,0.800000,121.212121,0.491315624,-0.282723305,-3.060436176,0.491315624
2.243000,0.800000,121.212121,0.505312783,-0.211383778,-3.278054809,0.505312783
2.244000,0.800000,121.212121,0.517551007,-0.086177186,-3.342662971,0.517551007
2.245000,0.800000,121.212121,0.521968145,-0.102368225,-3.336320380,0.521968145
2.246000,0.800000,121.212121,0.519547024,-0.179356491,-3.330774822,0.519547024
2.247000,0.800000,121.212121,0.521862476,-0.415397220,-3.266750590,0.521862476
2.248000,0.800000,121.212121,0.525737819,-0.327385397,-3.395611136,0.525737819
2.249000,0.800000,121.212121,0.535409357,-0.187601612,-3.256951175,0.535409357
2.250000,0.800000,121.212121,0.543865534,-0.191047282,-3.072883887,0.543865534
2.251000,0.800000,121.212121,0.563825448,-0.068396250,-3.100442735,0.563825448
2.252000,0.800000,121.212121,0.595746190,-0.110827437,-3.208438035,0.595746190
2.253000,0.800000,121.212121,0.590337032,-0.061088981,-3.156130793,0.590337032
2.254000,0.800000,121.212121,0.585607608,-0.080432697,-2.984732967,0.585607608
2.255000,0.800000,121.212121,0.585607608,-0.080432697,-2.984732967,0.585607608
2.256000,0.800000,121.212121,0.585607608,-0.080432697,-2.984732967,0.585607608
2.257000,0.800000,121.212121,0.585607608,-0.080432697,-2.984732967,0.585607608
2.258000,0.800000,121.212121,0.614056475,-0.009980687,-3.000679180,0.614056475
2.259000,0.800000,121.212121,0.618912749,-0.035746860,-3.037311539,0.618912749
2.260000,0.800000,121.212121,0.655918434,0.165459257,-2.971680952,0.655918434
2.261000,0.800000,121.212121,0.659864773,0.311378397,-2.819532078,0.659864773
2.262000,0.800000,121.212121,0.652681421,0.370892756,-2.878928054,0.652681421
2.263000,0.800000,121.212121,0.658967127,0.422928320,-2.868028257,0.658967127
2.264000,0.800000,121.212121,0.677029318,0.405593050,-2.732834464,0.677029318
2.265000,0.800000,121.212121,0.686538562,0.390436193,-2.551797770,0.686538562
2.266000,0.800000,121.212121,0.673075092,0.436324670,-2.137346769,0.673075092
2.267000,0.800000,121.212121,0.676798053,0.605801523,-2.156804972,0.676798053
2.268000,0.800000,121.212121,0.680053173,0.565485728,-2.362313545,0.680053173
2.269000,0.800000,121.212121,0.695465613,0.467404312,-2.353501589,0.695465613
2.270000,0.800000,121.212121,0.715224455,0.381648170,-2.282965124,0.715224455
2.271000,0.800000,121.212121,0.730334830,0.413815176,-2.410801675,0.730334830
2.272000,0.800000,121.212121,0.764561432,0.460456950,-2.395896521,0.764561432
2.273000,0.800000,121.212121,0.800770178,0.501237546,-2.508528111,0.800770178
2.274000,0.800000,121.212121,0.819862428,0.474061647,-2.481342291,0.819862428
2.275000,0.800000,121.212121,0.811422734,0.450300773,-2.394740889,0.811422734
2.276000,0.800000,121.212121,0.810158132,0.529129469,-2.496250219,0.810158132
2.277000,0.800000,121.212121,0.821787471,0.686944128,-2.470607284,0.821787471
2.278000,0.800000,121.212121,0.825672240,0.699263505,-2.448186736,0.825672240
2.279000,0.800000,121.212121,0.825672240,0.699263505,-2.448186736,0.825672240
2.280000,0.800000,121.212121,0.825672240,0.699263505,-2.448186736,0.825672240
2.281000,0.800000,121.212121,0.825672240,0.699263505,-2.448186736,0.825672240
2.282000,0.800000,121.212121,0.874956308,1.030027253,-2.395393614,0.874956308
2.283000,0.800000,121.212121,0.872159683,1.062065386,-2.445256547,0.872159683
2.284000,0.800000,121.212121,0.863431308,1.152909342,-2.426021667,0.863431308
2.285000,0.800000,121.212121,0.862082957,1.106673804,-2.472035765,0.862082957
2.286000,0.800000,121.212121,0.877933268,1.038798676,-2.539547998,0.877933268
2.287000,0.800000,121.212121,0.887328918,1.069734560,-2.508464105,0.887328918
2.288000,0.800000,121.212121,0.895543876,1.096782926,-2.606950034,0.895543876
2.289000,0.800000,121.212121,0.902726512,1.120432294,-2.630228004,0.902726512
2.290000,0.800000,121.212121,0.902723366,1.141109795,-2.524917071,0.902723366
2.291000,0.800000,121.212121,0.927061383,1.292764112,-2.470101512,0.927061383
2.292000,0.800000,121.212121,0.942849783,1.354617611,-2.384912668,0.942849783
2.293000,0.800000,121.212121,0.937804598,1.157370958,-2.310428970,0.937804598
2.294000,0.800000,121.212121,0.945959780,0.984911050,-2.308137022,0.945959780
2.295000,0.800000,121.212121,0.965656523,0.959786800,-2.243301236,0.965656523
2.296000,0.800000,121.212121,1.015205968,1.028485511,-2.388375746,1.015205968
2.297000,0.800000,121.212121,1.013634607,0.997885533,-2.564784277,1.013634607
2.298000,0.800000,121.212121,1.012260710,0.971130861,-2.781856511,1.012260710
2.299000,0.800000,121.212121,1.023625832,1.073401987,-2.720323232,1.023625832
2.300000,0.800000,121.212121,1.027279585,1.037157637,-2.603690599,1.027279585
2.301000,0.800000,121.212121,1.038760974,0.922824219,-2.530321034,1.038760974
2.302000,0.800000,121.212121,1.053079160,1.093997589,-2.563228488,1.053079160
2.303000,0.800000,121.212121,1.065598069,1.243660679,-2.529168816,1.065598069
2.304000,0.800000,121.212121,1.065598069,1.243660679,-2.529168816,1.065598069
2.305000,0.800000,121.212121,1.065598069,1.243660679,-2.529168816,1.065598069
2.306000,0.800000,121.212121,1.065598069,1.243660679,-2.529168816,1.065598069
2.307000,0.800000,121.212121,1.123829242,1.431364093,-2.895476264,1.123829242
2.308000,0.800000,121.212121,1.121174249,1.475800605,-3.133824371,1.121174249
2.309000,0.800000,121.212121,1.137702448,1.703148619,-3.028061506,1.137702448
2.310000,0.800000,121.212121,1.152153652,1.901927239,-2.998421047,1.152153652
2.311000,0.800000,121.212121,1.151493116,1.693781748,-3.067614279,1.151493116
2.312000,0.800000,121.212121,1.170494519,1.453914473,-3.347162737,1.170494519
2.313000,0.800000,121.212121,1.193391321,1.432685367,-3.340254689,1.193391321
2.314000,0.800000,121.212121,1.213410825,1.539787696,-3.334214731,1.213410825
2.315000,0.800000,121.212121,1.230914605,1.570599296,-3.454597482,1.230914605
2.316000,0.800000,121.212121,1.247033432,1.448389162,-3.706816935,1.247033432
2.317000,0.800000,121.212121,1.260312070,1.490686240,-3.654713407,1.260312070
2.318000,0.800000,121.212121,1.265638880,1.527668111,-3.671989254,1.265638880
2.319000,0.800000,121.212121,1.270296303,1.434338997,-3.687094154,1.270296303
2.320000,0.800000,121.212121,1.274368457,1.415569819,-3.700300917,1.274368457
2.321000,0.800000,121.212121,1.299101892,1.746010635,-3.910439722,1.299101892
2.322000,0.800000,121.212121,1.324686971,1.876571203,-4.146907465,1.324686971
2.323000,0.800000,121.212121,1.321924192,2.053556898,-4.479323501,1.321924192
2.324000,0.800000,121.212121,1.319508594,2.145470063,-4.581471347,1.319508594
2.325000,0.800000,121.212121,1.329962920,1.974505666,-4.670782916,1.329962920
2.326000,0.800000,121.212121,1.341601855,1.741369655,-4.817146737,1.341601855
2.327000,0.800000,121.212121,1.349279860,1.558354160,-5.002506169,1.349279860
2.328000,0.800000,121.212121,1.374842574,1.398337070,-5.101740795,1.374842574
2.329000,0.800000,121.212121,1.397192983,1.258428321,-5.062841524,1.397192983
2.330000,0.800000,121.212121,1.422044036,0.966313975,-4.936261536,1.422044036
2.331000,0.800000,121.212121,1.464580660,0.659115996,-4.818751951,1.464580660
2.332000,0.800000,121.212121,1.469371064,0.926259772,-4.815414107,1.469371064
2.333000,0.800000,121.212121,1.473559487,1.159833271,-4.812495708,1.473559487
2.334000,0.800000,121.212121,1.497693895,1.534717896,-4.925481059,1.497693895
2.335000,0.800000,121.212121,1.523216534,1.303191102,-5.192454163,1.523216534
2.336000,0.800000,121.212121,1.533204906,1.363734307,-5.204987367,1.533204906
2.337000,0.800000,121.212121,1.548221288,1.291005722,-5.278777455,1.548221288
2.338000,0.800000,121.212121,1.596383743,1.297481806,-5.525368376,1.596383743
2.339000,0.800000,121.212121,1.609744023,1.295910609,-5.621730052,1.609744023
2.340000,0.800000,121.212121,1.615142216,1.420200561,-5.454655151,1.615142216
2.341000,0.800000,121.212121,1.619862052,1.528871777,-5.371407354,1.619862052
2.342000,0.800000,121.212121,1.636555146,1.561055112,-5.549948196,1.636555146
2.343000,0.800000,121.212121,1.686675830,1.566756683,-5.779709119,1.686675830
2.344000,0.800000,121.212121,1.694972857,1.468515554,-5.906941248,1.694972857
2.345000,0.800000,121.212121,1.702227250,1.256956063,-5.955353063,1.702227250
2.346000,0.800000,121.212121,1.714853213,1.071981922,-6.123344976,1.714853213
2.347000,0.800000,121.212121,1.719609366,1.035916024,-6.144562696,1.719609366
2.348000,0.800000,121.212121,1.757240541,1.392947141,-6.187229985,1.757240541
2.349000,0.800000,121.212121,1.756670145,1.505043122,-6.200419679,1.756670145
2.350000,0.800000,121.212121,1.756171428,1.540220854,-6.086288200,1.756171428
2.351000,0.800000,121.212121,1.767130931,1.480102108,-6.370321596,1.767130931
2.352000,0.800000,121.212121,1.784167228,1.518414020,-6.172007759,1.784167228
2.353000,0.800000,121.212121,1.784167228,1.518414020,-6.172007759,1.784167228
2.354000,0.800000,121.212121,1.794026329,1.408495399,-6.035506555,1.794026329
2.355000,0.800000,121.212121,1.795116480,1.204478264,-6.130594230,1.795116480
2.356000,0.800000,121.212121,1.796069639,1.214594237,-6.025237276,1.796069639
2.357000,0.800000,121.212121,1.809469391,1.223438999,-6.058783574,1.809469391
2.358000,0.800000,121.212121,1.825145722,1.065229605,-5.807495673,1.825145722
2.359000,0.800000,121.212121,1.816042110,1.092844081,-5.679908628,1.816042110
2.360000,0.800000,121.212121,1.835171941,0.659154038,-6.055646269,1.835171941
2.361000,0.800000,121.212121,1.874631186,0.759517799,-5.930761022,1.874631186
2.362000,0.800000,121.212121,1.874631186,0.759517799,-5.930761022,1.874631186
2.363000,0.800000,121.212121,1.868676380,0.710578570,-5.960954459,1.868676380
2.364000,0.800000,121.212121,1.866668915,0.657096103,-5.939746921,1.866668915
2.365000,0.800000,121.212121,1.877480085,0.547502588,-6.046868106,1.877480085
2.366000,0.800000,121.212121,1.882631064,0.611332436,-5.924050434,1.882631064
2.367000,0.800000,121.212121,1.882631064,0.611332436,-5.924050434,1.882631064
2.368000,0.800000,121.212121,1.881864752,0.832832247,-5.657456558,1.881864752
2.369000,0.800000,121.212121,1.884483172,0.952482489,-5.737219543,1.884483172
2.370000,0.800000,121.212121,1.886772552,1.057097038,-5.806959217,1.886772552
2.371000,0.800000,121.212121,1.914077992,1.110771364,-5.622880713,1.914077992
2.372000,0.800000,121.212121,1.914077992,1.110771364,-5.622880713,1.914077992
2.373000,0.800000,121.212121,1.912187981,1.324507644,-5.364391309,1.912187981
2.374000,0.800000,121.212121,1.917279057,1.382372134,-5.418150107,1.917279057
2.375000,0.800000,121.212121,1.917279057,1.382372134,-5.418150107,1.917279057
2.376000,0.800000,121.212121,1.917279057,1.382372134,-5.418150107,1.917279057
2.377000,0.800000,121.212121,1.917279057,1.382372134,-5.418150107,1.917279057
2.378000,0.800000,121.212121,1.917279057,1.382372134,-5.418150107,1.917279057
2.379000,0.800000,121.212121,1.939267890,1.449713110,-5.626033933,1.939267890
2.380000,0.800000,121.212121,1.934672819,1.491843817,-5.709745602,1.934672819
2.381000,0.800000,121.212121,1.920859230,1.388183437,-5.493628239,1.920859230
2.382000,0.800000,121.212121,1.920859230,1.388183437,-5.493628239,1.920859230
2.383000,0.800000,121.212121,1.933852844,1.363874982,-5.328414304,1.933852844
2.384000,0.800000,121.212121,1.929938247,1.353960573,-5.386694106,1.929938247
2.385000,0.800000,121.212121,1.932798759,1.345292045,-5.437650252,1.932798759
2.386000,0.800000,121.212121,1.908439345,1.456749765,-5.230684982,1.908439345
2.387000,0.800000,121.212121,1.908439345,1.456749765,-5.230684982,1.908439345
2.388000,0.800000,121.212121,1.925937426,1.227795909,-5.245171685,1.925937426
2.389000,0.800000,121.212121,1.941867066,0.983654288,-5.188248356,1.941867066
2.390000,0.800000,121.212121,1.943228558,0.895856114,-5.075646371,1.943228558
2.391000,0.800000,121.212121,1.950953389,0.869740468,-5.244418278,1.950953389
2.392000,0.800000,121.212121,1.950953389,0.869740468,-5.244418278,1.950953389
2.393000,0.800000,121.212121,1.956858744,0.849775997,-5.381334001,1.956858744
2.394000,0.800000,121.212121,1.956336326,0.841633318,-5.495795571,1.956336326
2.395000,0.800000,121.212121,1.949596372,0.960177585,-5.470209769,1.949596372
2.396000,0.800000,121.212121,1.968387724,0.965952399,-5.671711480,1.968387724
2.397000,0.800000,121.212121,1.968387724,0.965952399,-5.671711480,1.968387724
2.398000,0.800000,121.212121,1.986667515,0.986158404,-5.762920421,1.986667515
2.399000,0.800000,121.212121,1.969832846,1.023709260,-5.766598574,1.969832846
2.400000,0.800000,121.212121,1.967680055,0.993709483,-5.581318957,1.967680055
2.401000,0.800000,121.212121,1.952375257,0.952441524,-5.458282551,1.952375257
2.402000,0.800000,121.212121,1.952375257,0.952441524,-5.458282551,1.952375257
2.403000,0.800000,121.212121,1.946168908,0.983725510,-5.419161823,1.946168908
2.404000,0.800000,121.212121,1.946989815,1.210077652,-5.277542396,1.946989815
2.405000,0.800000,121.212121,1.928858008,1.407985544,-5.216551244,1.928858008
2.406000,0.800000,121.212121,1.917993153,1.551717171,-5.477798680,1.917993153
2.407000,0.800000,121.212121,1.917993153,1.551717171,-5.477798680,1.917993153
2.408000,0.800000,121.212121,1.919885029,1.308290752,-5.606785392,1.919885029
2.409000,0.800000,121.212121,1.924008865,1.305361263,-5.567252198,1.924008865
2.410000,0.800000,121.212121,1.921331300,1.302799904,-5.407023186,1.921331300
2.411000,0.800000,121.212121,1.917423109,1.318592990,-5.526849441,1.917423109
2.412000,0.800000,121.212121,1.915573134,1.314368883,-5.497361295,1.915573134
2.413000,0.800000,121.212121,1.913955634,1.310675594,-5.597242445,1.913955634
2.414000,0.800000,121.212121,1.912541395,1.118950857,-5.873067718,1.912541395
2.415000,0.800000,121.212121,1.898446937,1.220888233,-6.034618030,1.898446937
2.416000,0.800000,121.212121,1.905264764,1.291773921,-6.066985508,1.905264764
2.417000,0.800000,121.212121,1.898659466,1.353751852,-5.969621862,1.898659466
2.418000,0.800000,121.212121,1.892884215,1.470773258,-5.947325145,1.892884215
2.419000,0.800000,121.212121,1.894117888,1.447425615,-5.864998464,1.894117888
2.420000,0.800000,121.212121,1.901633250,1.464099662,-6.044240743,1.901633250
2.421000,0.800000,121.212121,1.895484302,1.504422501,-6.075398995,1.895484302
2.422000,0.800000,121.212121,1.902674424,1.665341929,-6.039809932,1.902674424
2.423000,0.800000,121.212121,1.908961009,1.617544065,-5.883029416,1.908961009
2.424000,0.800000,121.212121,1.914457598,1.450088953,-5.808782375,1.914457598
2.425000,0.800000,121.212121,1.928959027,1.474031371,-5.985474202,1.928959027
2.426000,0.800000,121.212121,1.931942591,1.575938007,-6.024017275,1.931942591
2.427000,0.800000,121.212121,1.928268044,1.602206825,-6.057716883,1.928268044
2.428000,0.800000,121.212121,1.925055255,1.750838313,-6.087181673,1.925055255
2.429000,0.800000,121.212121,1.928529381,1.755128510,-6.112943808,1.928529381
2.430000,0.800000,121.212121,1.934222781,1.824991140,-5.856794903,1.934222781
2.431000,0.800000,121.212121,1.936544882,1.819963018,-6.037172000,1.936544882
2.432000,0.800000,121.212121,1.938575180,1.941230455,-6.257714095,1.938575180
2.433000,0.800000,121.212121,1.940350343,1.984427123,-6.324878347,1.940350343
2.434000,0.800000,121.212121,1.941902432,1.833699979,-6.320770637,1.941902432
2.435000,0.800000,121.212121,1.945235564,1.594583981,-6.502534480,1.945235564
2.436000,0.800000,121.212121,1.945235564,1.594583981,-6.502534480,1.945235564
2.437000,0.800000,121.212121,1.940710871,1.757196803,-6.272390952,1.940710871
2.438000,0.800000,121.212121,1.935934469,1.823519822,-6.086383444,1.935934469
2.439000,0.800000,121.212121,1.931758288,1.630181033,-6.049414034,1.931758288
2.440000,0.800000,121.212121,1.936691164,1.501832935,-6.169428432,1.936691164
2.441000,0.800000,121.212121,1.919853523,1.537414071,-6.184855135,1.919853523
2.442000,0.800000,121.212121,1.923981319,1.568523950,-6.386838820,1.923981319
2.443000,0.800000,121.212121,1.927590400,1.721388152,-6.312113075,1.927590400
2.444000,0.800000,121.212121,1.924462766,1.603715460,-6.309609496,1.924462766
2.445000,0.800000,121.212121,1.913054012,1.646409467,-6.187738609,1.913054012
2.446000,0.800000,121.212121,1.911753074,1.538158874,-6.138032533,1.911753074
2.447000,0.800000,121.212121,1.898049246,1.506343305,-6.094572708,1.898049246
2.448000,0.800000,121.212121,1.904917048,1.604189504,-6.119406058,1.904917048
2.449000,0.800000,121.212121,1.910921817,1.752571841,-6.078286905,1.910921817
2.450000,0.800000,121.212121,1.903492013,1.524668760,-5.955964656,1.903492013
2.451000,0.800000,121.212121,1.903492013,1.524668760,-5.955964656,1.903492013
2.452000,0.800000,121.212121,1.903492013,1.524668760,-5.955964656,1.903492013
2.453000,0.800000,121.212121,1.903492013,1.524668760,-5.955964656,1.903492013
2.454000,0.800000,121.212121,1.903492013,1.524668760,-5.955964656,1.903492013
2.455000,0.800000,121.212121,1.865396014,1.572077022,-6.213910996,1.865396014
2.456000,0.800000,121.212121,1.851234401,1.284671760,-6.349411561,1.851234401
2.457000,0.800000,121.212121,1.851418759,1.347542175,-6.342220917,1.851418759
2.458000,0.800000,121.212121,1.845296765,1.402512059,-6.147438316,1.845296765
2.459000,0.800000,121.212121,1.846227268,1.450574225,-6.039964672,1.846227268
2.460000,0.800000,121.212121,1.846962609,1.709938389,-5.801004984,1.846962609
2.461000,0.800000,121.212121,1.853807936,1.845381091,-5.751888306,1.853807936
2.462000,0.800000,121.212121,1.841102524,2.026286251,-5.819784648,1.841102524
2.463000,0.800000,121.212121,1.842560091,1.995962640,-5.816317032,1.842560091
2.464000,0.800000,121.212121,1.826888765,2.079827688,-5.692866278,1.826888765
2.465000,0.800000,121.212121,1.836415672,1.979944008,-5.579683988,1.836415672
2.466000,0.800000,121.212121,1.825895836,1.892612081,-5.606388310,1.825895836
2.467000,0.800000,121.212121,1.816697961,1.879086462,-5.566905015,1.816697961
2.468000,0.800000,121.212121,1.814939111,1.741596815,-5.406719631,1.814939111
2.469000,0.800000,121.212121,1.852880731,1.461342579,-5.277767173,1.852880731
2.470000,0.800000,121.212121,1.865424576,1.439180030,-5.405243334,1.865424576
2.471000,0.800000,121.212121,1.876392114,1.545466215,-5.391036662,1.876392114
2.472000,0.800000,121.212121,1.873415061,1.701227938,-5.504278959,1.873415061
2.473000,0.800000,121.212121,1.870812115,1.648920506,-5.540458957,1.870812115
2.474000,0.800000,121.212121,1.883816826,1.618135243,-5.599750745,1.883816826
2.475000,0.800000,121.212121,1.879906756,1.639101400,-5.686765257,1.879906756
2.476000,0.800000,121.212121,1.879906756,1.639101400,-5.686765257,1.879906756
2.477000,0.800000,121.212121,1.879906756,1.639101400,-5.686765257,1.879906756
2.478000,0.800000,121.212121,1.879906756,1.639101400,-5.686765257,1.879906756
2.479000,0.800000,121.212121,1.932194371,1.618784802,-5.694698848,1.932194371
2.480000,0.800000,121.212121,1.934771370,1.576837480,-5.644118123,1.934771370
2.481000,0.800000,121.212121,1.943307719,1.477329560,-5.474229854,1.943307719
2.482000,0.800000,121.212121,1.931921803,1.453158028,-5.451354080,1.931921803
2.483000,0.800000,121.212121,1.928249868,1.494855833,-5.557016667,1.928249868
2.484000,0.800000,121.212121,1.934009103,1.571085890,-5.306144936,1.934009103
2.485000,0.800000,121.212121,1.930074871,1.723628150,-5.178727630,1.930074871
2.486000,0.800000,121.212121,1.939201399,1.794169530,-5.130153908,1.939201399
2.487000,0.800000,121.212121,1.940897869,1.793014566,-5.150515993,1.940897869
2.488000,0.800000,121.212121,1.942381154,1.540677327,-5.168319303,1.942381154
2.489000,0.800000,121.212121,1.933035160,1.252810703,-5.197495371,1.933035160
2.490000,0.800000,121.212121,1.929223317,1.445348602,-5.083731372,1.929223317
2.491000,0.800000,121.212121,1.944740040,1.488027768,-5.109927085,1.944740040
2.492000,0.800000,121.212121,1.958306874,1.274016300,-5.258494653,1.958306874
2.493000,0.800000,121.212121,1.957602479,1.149730160,-5.388392671,1.957602479
2.494000,0.800000,121.212121,1.939967265,1.362185923,-5.546333404,1.939967265
2.495000,0.800000,121.212121,1.935284308,1.289651914,-5.577228684,1.935284308
2.496000,0.800000,121.212121,1.924906644,1.037737238,-5.604241549,1.924906644
2.497000,0.800000,121.212121,1.928399445,0.943142800,-5.565028024,1.928399445
2.498000,0.800000,121.212121,1.937736514,1.048931009,-5.530742215,1.937736514
2.499000,0.800000,121.212121,1.941261302,1.395000944,-5.702194986,1.941261302
2.500000,0.800000,121.212121,1.942698917,1.255511425,-5.713504122,1.942698917
2.501000,0.800000,121.212121,1.956522246,1.070718823,-5.723392110,1.956522246
2.502000,0.800000,121.212121,1.956522246,1.070718823,-5.723392110,1.956522246
2.503000,0.800000,121.212121,1.956522246,1.070718823,-5.723392110,1.956522246
2.504000,0.800000,121.212121,1.948804495,1.149225422,-5.930183354,1.948804495
2.505000,0.800000,121.212121,1.949294204,0.977789113,-5.975674480,1.949294204
2.506000,0.800000,121.212121,1.937156004,1.016391685,-6.015449022,1.937156004
2.507000,0.800000,121.212121,1.920259949,1.050143314,-5.987393495,1.920259949
2.508000,0.800000,121.212121,1.905487116,1.016821736,-5.962863529,1.905487116
2.509000,0.800000,121.212121,1.881277393,0.726678280,-6.103263691,1.881277393
2.510000,0.800000,121.212121,1.890252808,0.608340810,-6.127004900,1.890252808
2.511000,0.800000,121.212121,1.898100339,0.693369625,-6.273426407,1.898100339
2.512000,0.800000,121.212121,1.904961720,0.767713404,-6.338616192,1.904961720
2.513000,0.800000,121.212121,1.910960875,0.707051162,-6.081454721,1.910960875
2.514000,0.800000,121.212121,1.915298674,0.835278226,-5.785682145,1.915298674
2.515000,0.800000,121.212121,1.926282034,0.766125538,-5.786499976,1.926282034
2.516000,0.800000,121.212121,1.917035629,0.831326539,-5.724383181,1.917035629
2.517000,0.800000,121.212121,1.921517531,0.888334141,-5.670072213,1.921517531
2.518000,0.800000,121.212121,1.925436221,0.938177956,-5.622586163,1.925436221
2.519000,0.800000,121.212121,1.919291801,0.855053504,-5.497725526,1.919291801
2.520000,0.800000,121.212121,1.923490185,0.720583928,-5.660392758,1.923490185
2.521000,0.800000,121.212121,1.933444169,0.665844150,-5.865450476,1.933444169
2.522000,0.800000,121.212121,1.942147299,0.617983176,-5.856244322,1.942147299
2.523000,0.800000,121.212121,1.949756761,0.701800295,-5.973858754,1.949756761
2.524000,0.800000,121.212121,1.951239916,1.003968320,-5.750469393,1.951239916
2.525000,0.800000,121.212121,1.957706767,0.913617410,-5.630048482,1.957706767
2.526000,0.800000,121.212121,1.963360969,1.085947742,-5.650423815,1.963360969
2.527000,0.800000,121.212121,1.963360969,1.085947742,-5.650423815,1.963360969
2.528000,0.800000,121.212121,1.963360969,1.085947742,-5.650423815,1.963360969
2.529000,0.800000,121.212121,1.966343891,1.415403219,-5.683814916,1.966343891
2.530000,0.800000,121.212121,1.957016778,1.331025032,-6.044450260,1.957016778
2.531000,0.800000,121.212121,1.962757687,1.199574963,-6.138414036,1.962757687
2.532000,0.800000,121.212121,1.974060357,1.021811544,-6.157738123,1.974060357
2.533000,0.800000,121.212121,1.971376321,0.929218388,-6.300297579,1.971376321
2.534000,0.800000,121.212121,1.967767290,0.903140406,-6.455300831,1.967767290
2.535000,0.800000,121.212121,1.984723620,0.951123611,-6.434803749,1.984723620
2.536000,0.800000,121.212121,1.993265969,1.055908922,-6.416882406,1.993265969
2.537000,0.800000,121.212121,2.008360523,1.360766260,-6.759494250,2.008360523
2.538000,0.800000,121.212121,2.001366201,1.476906210,-6.763602949,2.001366201
2.539000,0.800000,121.212121,2.007817182,1.578451584,-6.767195332,2.007817182
2.540000,0.800000,121.212121,2.019740694,1.604404537,-6.707504431,2.019740694
2.541000,0.800000,121.212121,2.042732224,1.501432439,-6.529650803,2.042732224
2.542000,0.800000,121.212121,2.068633947,1.450449762,-6.528656449,2.068633947
2.543000,0.800000,121.212121,2.079198184,1.429656045,-6.561773080,2.079198184
2.544000,0.800000,121.212121,2.094718066,1.411475344,-6.590728153,2.094718066
2.545000,0.800000,121.212121,2.102004476,1.458411149,-6.678876478,2.102004476
2.546000,0.800000,121.212121,2.102092064,1.436616975,-6.944443316,2.102092064
2.547000,0.800000,121.212121,2.108518788,1.636436721,-7.442486170,2.108518788
2.548000,0.800000,121.212121,2.120354133,1.529439341,-7.549263131,2.120354133
2.549000,0.800000,121.212121,2.136985391,1.498719500,-7.705453957,2.136985391
2.550000,0.800000,121.212121,2.138960333,1.471860029,-7.779185412,2.138960333
2.551000,0.800000,121.212121,2.138960333,1.471860029,-7.779185412,2.138960333
2.552000,0.800000,121.212121,2.138960333,1.471860029,-7.779185412,2.138960333
2.553000,0.800000,121.212121,2.138960333,1.471860029,-7.779185412,2.138960333
2.554000,0.800000,121.212121,2.196846234,1.235503204,-7.887429099,2.196846234
2.555000,0.800000,121.212121,2.203865211,1.430216027,-7.875461030,2.203865211
2.556000,0.800000,121.212121,2.203718972,1.474796809,-7.864996912,2.203718972
2.557000,0.800000,121.212121,2.186208896,1.367255930,-7.847848315,2.186208896
2.558000,0.800000,121.212121,2.175715044,1.356916659,-7.778022260,2.175715044
2.559000,0.800000,121.212121,2.179106259,1.285044805,-7.654138954,2.179106259
2.560000,0.800000,121.212121,2.182071321,1.159372781,-7.797150695,2.182071321
2.561000,0.800000,121.212121,2.184663783,1.175156877,-7.922191051,2.184663783
2.562000,0.800000,121.212121,2.184361923,1.204670439,-7.983043652,2.184361923
2.563000,0.800000,121.212121,2.174100168,1.214762263,-8.147555863,2.174100168
2.564000,0.800000,121.212121,2.165127944,1.160754057,-8.291394860,2.165127944
2.565000,0.800000,121.212121,2.157283203,1.239196429,-8.417158515,2.157283203
2.566000,0.800000,121.212121,2.162487226,1.422683977,-8.568323855,2.162487226
2.567000,0.800000,121.212121,2.173823883,1.531043118,-8.407960174,2.173823883
2.568000,0.800000,121.212121,2.183735934,1.562953594,-8.267748388,2.183735934
2.569000,0.800000,121.212121,2.186119214,1.590854082,-8.396483547,2.186119214
2.570000,0.800000,121.212121,2.169353447,1.489584784,-8.446209515,2.169353447
2.571000,0.800000,121.212121,2.184280864,1.268688465,-8.402036739,2.184280864
2.572000,0.800000,121.212121,2.186595666,1.207903693,-8.388233019,2.186595666
2.573000,0.800000,121.212121,2.182336397,1.217589214,-8.313332073,2.182336397
2.574000,0.800000,121.212121,2.184895548,1.163225763,-8.247843458,2.184895548
2.575000,0.800000,121.212121,2.187133107,0.927198266,-8.441911797,2.187133107
2.576000,0.800000,121.212121,2.184516834,0.956532266,-8.626391650,2.184516834
2.577000,0.800000,121.212121,2.180518798,0.997806052,-8.395899102,2.180518798
2.578000,0.800000,121.212121,2.158173614,1.096725074,-8.257202954,2.158173614
2.579000,0.800000,121.212121,2.157485965,1.057549859,-8.198767732,2.157485965
2.580000,0.800000,121.212121,2.156884729,0.897633841,-8.147675696,2.156884729
2.581000,0.800000,121.212121,2.173959410,0.761227136,-7.993218519,2.173959410
2.582000,0.800000,121.212121,2.177571244,0.827043689,-7.967956559,2.177571244
2.583000,0.800000,121.212121,2.180729202,0.884589489,-8.071532817,2.180729202
2.584000,0.800000,121.212121,2.183490320,0.872072018,-8.162093299,2.183490320
2.585000,0.800000,121.212121,2.185904465,0.861127539,-8.241273614,2.185904465
2.586000,0.800000,121.212121,2.195354384,0.843191723,-8.206225827,2.195354384
2.587000,0.800000,121.212121,2.203284307,0.727822802,-8.076826719,2.203284307
2.588000,0.800000,121.212121,2.215777437,0.735005213,-8.166721949,2.215777437
2.589000,0.800000,121.212121,2.239267004,0.741285057,-8.119656905,2.239267004
2.590000,0.800000,121.212121,2.253521601,0.683943899,-8.078506229,2.253521601
2.591000,0.800000,121.212121,2.276882036,0.833404923,-7.830468616,2.276882036
2.592000,0.800000,121.212121,2.273843418,0.827319494,-7.574331000,2.273843418
2.593000,0.800000,121.212121,2.264903458,0.821998783,-7.413212439,2.264903458
2.594000,0.800000,121.212121,2.269653297,0.943010398,-7.586499899,2.269653297
2.595000,0.800000,121.212121,2.267523068,0.923151539,-7.800843268,2.267523068
2.596000,0.800000,121.212121,2.293079271,0.953438689,-7.971509358,2.293079271
2.597000,0.800000,121.212121,2.294288433,0.932269372,-8.137471011,2.294288433
2.598000,0.800000,121.212121,2.295345647,0.976592123,-8.219745454,2.295345647
2.599000,0.800000,121.212121,2.302553193,0.952513260,-8.354512840,2.302553193
2.600000,0.800000,121.212121,2.315138197,0.994292089,-8.598008562,2.315138197
2.601000,0.800000,121.212121,2.312208901,1.180527268,-8.753617683,2.312208901
2.602000,0.800000,121.212121,2.311014163,1.130821158,-8.695633000,2.311014163
2.603000,0.800000,121.212121,2.303686375,1.150193156,-8.519271180,2.303686375
2.604000,0.800000,121.212121,2.309845794,1.167130797,-8.553567199,2.309845794
2.605000,0.800000,121.212121,2.321514383,1.181939991,-8.583553454,2.321514383
2.606000,0.800000,121.212121,2.346130487,1.206209302,-8.389263206,2.346130487
2.607000,0.800000,121.212121,2.340673037,1.278939599,-8.125737244,2.340673037
2.608000,0.800000,121.212121,2.342184575,1.279698485,-8.020990637,2.342184575
2.609000,0.800000,121.212121,2.337222982,1.280362006,-7.929406877,2.337222982
2.610000,0.800000,121.212121,2.326601697,1.280942147,-7.912163725,2.326601697
2.611000,0.800000,121.212121,2.339032321,1.054252520,-7.836865156,2.339032321
2.612000,0.800000,121.212121,2.343041468,1.234260539,-7.755615064,2.343041468
2.613000,0.800000,121.212121,2.368870353,1.371870181,-7.725085032,2.368870353
2.614000,0.800000,121.212121,2.368870353,1.371870181,-7.725085032,2.368870353
2.615000,0.800000,121.212121,2.394898789,1.579044448,-7.858658748,2.394898789
2.616000,0.800000,121.212121,2.408445675,1.542091046,-7.787474214,2.408445675
2.617000,0.800000,121.212121,2.395157467,1.446949492,-7.850898700,2.395157467
2.618000,0.800000,121.212121,2.362393515,1.298927174,-8.017670615,2.362393515
2.619000,0.800000,121.212121,2.362393515,1.298927174,-8.017670615,2.362393515
2.620000,0.800000,121.212121,2.372677061,1.405514126,-7.901730004,2.372677061
2.621000,0.800000,121.212121,2.370166855,1.327535334,-7.950796683,2.370166855
2.622000,0.800000,121.212121,2.370166855,1.327535334,-7.950796683,2.370166855
2.623000,0.800000,121.212121,2.370166855,1.327535334,-7.950796683,2.370166855
2.624000,0.800000,121.212121,2.370166855,1.327535334,-7.950796683,2.370166855
2.625000,0.800000,121.212121,2.364388250,1.379584318,-7.719079947,2.364388250
2.626000,0.800000,121.212121,2.367129210,1.239533243,-7.555700178,2.367129210
2.627000,0.800000,121.212121,2.352749797,1.245244077,-7.459754689,2.352749797
2.628000,0.800000,121.212121,2.340172045,1.136834972,-7.302519196,2.340172045
2.629000,0.800000,121.212121,2.340172045,1.136834972,-7.302519196,2.340172045
2.630000,0.800000,121.212121,2.350195932,1.171728140,-7.598454251,2.350195932
2.631000,0.800000,121.212121,2.363077158,1.185959615,-7.497136126,2.363077158
2.632000,0.800000,121.212121,2.368056497,1.072739004,-7.345718159,2.368056497
2.633000,0.800000,121.212121,2.394276626,1.012856745,-7.568646448,2.394276626
2.634000,0.800000,121.212121,2.394276626,1.012856745,-7.568646448,2.394276626
2.635000,0.800000,121.212121,2.413531401,1.069055571,-7.621299066,2.413531401
2.636000,0.800000,121.212121,2.418453658,0.782029996,-7.642773883,2.418453658
2.637000,0.800000,121.212121,2.418453658,0.782029996,-7.642773883,2.418453658
2.638000,0.800000,121.212121,2.440107169,0.601415687,-7.629488703,2.440107169
2.639000,0.800000,121.212121,2.440107169,0.601415687,-7.629488703,2.440107169
2.640000,0.800000,121.212121,2.414815929,0.888083103,-7.793474484,2.414815929
2.641000,0.800000,121.212121,2.419576767,0.937958464,-7.918976806,2.419576767
2.642000,0.800000,121.212121,2.404889785,0.918734450,-7.840212482,2.404889785
2.643000,0.800000,121.212121,2.410657545,1.004998153,-7.954565217,2.410657545
2.644000,0.800000,121.212121,2.410657545,1.004998153,-7.954565217,2.410657545
2.645000,0.800000,121.212121,2.367170012,0.890343769,-7.908424371,2.367170012
2.646000,0.800000,121.212121,2.359068657,0.877103194,-7.830986105,2.359068657
2.647000,0.800000,121.212121,2.359068657,0.877103194,-7.830986105,2.359068657
2.648000,0.800000,121.212121,2.359068657,0.877103194,-7.830986105,2.359068657
2.649000,0.800000,121.212121,2.359068657,0.877103194,-7.830986105,2.359068657
2.650000,0.800000,121.212121,2.378340630,1.067291433,-7.976026364,2.378340630
2.651000,0.800000,121.212121,2.407802061,1.139476813,-7.985793578,2.407802061
2.652000,0.800000,121.212121,2.415717237,1.062061712,-8.205163165,2.415717237
2.653000,0.800000,121.212121,2.414081629,1.027242424,-8.278931162,2.414081629
2.654000,0.800000,121.212121,2.437784298,1.122462362,-8.343429199,2.437784298
2.655000,0.800000,121.212121,2.452225216,1.268548464,-8.336990320,2.452225216
2.656000,0.800000,121.212121,2.452285065,1.270613138,-8.394192428,2.452285065
2.657000,0.800000,121.212121,2.482219935,1.148333020,-8.652743765,2.482219935
2.658000,0.800000,121.212121,2.478510536,1.228336266,-8.607435272,2.478510536
2.659000,0.800000,121.212121,2.468984088,1.298286007,-8.567820412,2.468984088
2.660000,0.800000,121.212121,2.473221140,1.233781898,-8.596015555,2.473221140
2.661000,0.800000,121.212121,2.483208934,1.114551762,-8.557835738,2.483208934
2.662000,0.800000,121.212121,2.501156069,1.335293305,-8.558098499,2.501156069
2.663000,0.800000,121.212121,2.501350271,1.203306869,-8.524683481,2.501350271
2.664000,0.800000,121.212121,2.514086439,1.276401897,-8.432635664,2.514086439
2.665000,0.800000,121.212121,2.525222133,1.277479680,-8.289323064,2.525222133
2.666000,0.800000,121.212121,2.528675289,1.278422024,-8.226851510,2.528675289
2.667000,0.800000,121.212121,2.557887927,1.225030169,-8.595545202,2.557887927
2.668000,0.800000,121.212121,2.563519364,1.169731660,-8.620256345,2.563519364
2.669000,0.800000,121.212121,2.562159948,1.058550314,-8.453366635,2.562159948
2.670000,0.800000,121.212121,2.567254547,1.087004134,-8.433112611,2.567254547
2.671000,0.800000,121.212121,2.577992124,1.111882342,-8.603899341,2.577992124
2.672000,0.800000,121.212121,2.577992124,1.111882342,-8.603899341,2.577992124
2.673000,0.800000,121.212121,2.577992124,1.111882342,-8.603899341,2.577992124
2.674000,0.800000,121.212121,2.592560096,1.448413584,-8.689055550,2.592560096
2.675000,0.800000,121.212121,2.606400870,1.553539446,-8.576352130,2.606400870
2.676000,0.800000,121.212121,2.632051103,1.497717816,-8.765692373,2.632051103
2.677000,0.800000,121.212121,2.640929291,1.408152367,-8.894685898,2.640929291
2.678000,0.800000,121.212121,2.642408627,1.329842044,-8.818974060,2.642408627
2.679000,0.800000,121.212121,2.624852509,1.135708781,-8.752776452,2.624852509
2.680000,0.800000,121.212121,2.628352113,1.217298435,-8.694897480,2.628352113
2.681000,0.800000,121.212121,2.670207241,1.405943750,-8.670772944,2.670207241
2.682000,0.800000,121.212121,2.699423328,1.390742823,-8.937358102,2.699423328
2.683000,0.800000,121.212121,2.706118458,1.377452101,-8.981947623,2.706118458
2.684000,0.800000,121.212121,2.730821809,1.177335982,-9.083765712,2.730821809
2.685000,0.800000,121.212121,2.752420845,1.190862754,-9.047125256,2.752420845
2.686000,0.800000,121.212121,2.776040548,1.275862286,-9.002870235,2.776040548
2.687000,0.800000,121.212121,2.785674044,1.339839731,-8.850731699,2.785674044
2.688000,0.800000,121.212121,2.794096960,1.270113827,-8.780543308,2.794096960
2.689000,0.800000,121.212121,2.801461421,1.083486233,-8.782006904,2.801461421
2.690000,0.800000,121.212121,2.801617251,0.920310954,-8.971782137,2.801617251
2.691000,0.800000,121.212121,2.825426229,0.951267164,-9.227849668,2.825426229
2.692000,0.800000,121.212121,2.828853738,0.993202582,-9.173103089,2.828853738
2.693000,0.800000,121.212121,2.831850533,0.967036387,-9.062404314,2.831850533
2.694000,0.800000,121.212121,2.834470740,0.881326480,-9.154111917,2.834470740
2.695000,0.800000,121.212121,2.843044867,0.806387198,-9.108631497,2.843044867
2.696000,0.800000,121.212121,2.843044867,0.806387198,-9.108631497,2.843044867
2.697000,0.800000,121.212121,2.843044867,0.806387198,-9.108631497,2.843044867
2.698000,0.800000,121.212121,2.848538021,0.879297169,-9.053432493,2.848538021
2.699000,0.800000,121.212121,2.861627587,0.804612897,-9.146267528,2.861627587
2.700000,0.800000,121.212121,2.891921825,0.676481875,-9.290268422,2.891921825
2.701000,0.800000,121.212121,2.905448056,0.529332577,-9.055185032,2.905448056
2.702000,0.800000,121.212121,2.911386096,0.561458006,-9.022136130,2.911386096
2.703000,0.800000,121.212121,2.904011569,0.652378288,-8.993240276,2.904011569
2.704000,0.800000,121.212121,2.897563752,0.543377631,-9.030807436,2.897563752
2.705000,0.800000,121.212121,2.891926193,0.636569959,-9.126485619,2.891926193
2.706000,0.800000,121.212121,2.888970543,0.907061593,-8.859251446,2.888970543
2.707000,0.800000,121.212121,2.878129653,1.017383900,-8.473833167,2.878129653
2.708000,0.800000,121.212121,2.874934254,0.925347138,-8.325343536,2.874934254
2.709000,0.800000,121.212121,2.878423586,0.719212351,-8.446841075,2.878423586
2.710000,0.800000,121.212121,2.881474436,0.727476784,-8.615902636,2.881474436
2.711000,0.800000,121.212121,2.886474169,0.615356833,-8.641633352,2.886474169
2.712000,0.800000,121.212121,2.894796538,0.573840282,-8.472057328,2.894796538
2.713000,0.800000,121.212121,2.895789902,0.726036414,-8.512286415,2.895789902
2.714000,0.800000,121.212121,2.896658436,0.796275163,-8.673123872,2.896658436
2.715000,0.800000,121.212121,2.897417827,0.732023744,-8.876581751,2.897417827
2.716000,0.800000,121.212121,2.904155934,0.642519870,-8.731040800,2.904155934
2.717000,0.800000,121.212121,2.897689976,0.786085471,-8.801556917,2.897689976
2.718000,0.800000,121.212121,2.904602925,0.848778233,-8.737548012,2.904602925
2.719000,0.800000,121.212121,2.910647167,0.903592790,-8.681582702,2.910647167
2.720000,0.800000,121.212121,2.909648682,0.951519147,-8.444154642,2.909648682
2.721000,0.800000,121.212121,2.909648682,0.951519147,-8.444154642,2.909648682
2.722000,0.800000,121.212121,2.909648682,0.951519147,-8.444154642,2.909648682
2.723000,0.800000,121.212121,2.896464574,0.703565601,-8.437468443,2.896464574
2.724000,0.800000,121.212121,2.897248326,0.650964410,-8.419212244,2.897248326
2.725000,0.800000,121.212121,2.876982910,0.957269795,-8.439923417,2.876982910
2.726000,0.800000,121.212121,2.883830128,1.144329375,-8.805471481,2.883830128
2.727000,0.800000,121.212121,2.886201572,0.973508321,-8.803802510,2.886201572
2.728000,0.800000,121.212121,2.881991826,0.698489567,-8.613847708,2.881991826
2.729000,0.800000,121.212121,2.886869695,0.899460732,-8.475253925,2.886869695
2.730000,0.800000,121.212121,2.886869695,0.899460732,-8.475253925,2.886869695
2.731000,0.800000,121.212121,2.890598650,0.825455582,-8.078831759,2.890598650
2.732000,0.800000,121.212121,2.898402721,0.946032803,-8.042811322,2.898402721
2.733000,0.800000,121.212121,2.898942919,0.925794137,-8.074149200,2.898942919
2.734000,0.800000,121.212121,2.888840961,0.900522691,-7.937010163,2.888840961
2.735000,0.800000,121.212121,2.888840961,0.900522691,-7.937010163,2.888840961
2.736000,0.800000,121.212121,2.874045624,0.567044315,-7.910795532,2.874045624
2.737000,0.800000,121.212121,2.883929810,0.531598894,-7.895891150,2.883929810
2.738000,0.800000,121.212121,2.905138283,0.563439530,-8.071355268,2.905138283
2.739000,0.800000,121.212121,2.897491574,0.733387993,-8.170410348,2.897491574
2.740000,0.800000,121.212121,2.897491574,0.733387993,-8.170410348,2.897491574
2.741000,0.800000,121.212121,2.893225077,0.745539445,-8.261925753,2.893225077
2.742000,0.800000,121.212121,2.894415916,0.750495518,-8.328560752,2.894415916
2.743000,0.800000,121.212121,2.895457110,0.817660645,-8.323990298,2.895457110
2.744000,0.800000,121.212121,2.895457110,0.817660645,-8.323990298,2.895457110
2.745000,0.800000,121.212121,2.895457110,0.817660645,-8.323990298,2.895457110
2.746000,0.800000,121.212121,2.895457110,0.817660645,-8.323990298,2.895457110
2.747000,0.800000,121.212121,2.919431017,1.336884390,-7.728223266,2.919431017
2.748000,0.800000,121.212121,2.942461462,1.456025424,-7.673429739,2.942461462
2.749000,0.800000,121.212121,2.939379737,1.941745996,-7.701402116,2.939379737
2.750000,0.800000,121.212121,2.948011104,1.732117436,-7.785617842,2.948011104
2.751000,0.800000,121.212121,2.942317328,1.738760168,-7.786443753,2.942317328
2.752000,0.800000,121.212121,2.937339054,1.681736297,-7.661502171,2.937339054
2.753000,0.800000,121.212121,2.928391087,1.713949269,-7.456747874,2.928391087
2.754000,0.800000,121.212121,2.925162836,1.848538786,-7.498900804,2.925162836
2.755000,0.800000,121.212121,2.922340258,1.777719727,-7.535756640,2.922340258
2.756000,0.800000,121.212121,2.913589191,1.590136347,-7.505149183,2.913589191
2.757000,0.800000,121.212121,2.905937815,1.551789096,-7.478387971,2.905937815
2.758000,0.800000,121.212121,2.905175540,1.614609318,-7.379595522,2.905175540
2.759000,0.800000,121.212121,2.904864640,1.636018555,-7.619939262,2.904864640
2.760000,0.800000,121.212121,2.898309624,1.591905576,-7.892912369,2.898309624
2.761000,0.800000,121.212121,2.898861520,1.616167850,-7.880255252,2.898861520
2.762000,0.800000,121.212121,2.899344063,1.637381237,-7.932020528,2.899344063
2.763000,0.800000,121.212121,2.906418041,1.499441548,-7.836253600,2.906418041
2.764000,0.800000,121.212121,2.905951003,1.472491342,-7.767884580,2.905951003
2.765000,0.800000,121.212121,2.899259470,1.511759651,-7.519611506,2.899259470
2.766000,0.800000,121.212121,2.887125635,1.546093359,-7.428201053,2.887125635
2.767000,0.800000,121.212121,2.876516582,1.387617007,-7.473941282,2.876516582
2.768000,0.800000,121.212121,2.876516582,1.387617007,-7.473941282,2.876516582
2.769000,0.800000,121.212121,2.876516582,1.387617007,-7.473941282,2.876516582
2.770000,0.800000,121.212121,2.876516582,1.387617007,-7.473941282,2.876516582
2.771000,0.800000,121.212121,2.902578588,1.250338679,-7.575438996,2.902578588
2.772000,0.800000,121.212121,2.915160402,1.254691662,-7.477013054,2.915160402
2.773000,0.800000,121.212121,2.923213110,1.253929649,-7.386440131,2.923213110
2.774000,0.800000,121.212121,2.949797807,1.379010823,-7.482008905,2.949797807
2.775000,0.800000,121.212121,2.962729064,1.430026241,-7.458155587,2.962729064
2.776000,0.800000,121.212121,2.961468960,1.286135313,-7.311636059,2.961468960
2.777000,0.800000,121.212121,2.959403901,0.869726949,-7.840959809,2.959403901
2.778000,0.800000,121.212121,2.964844835,0.859077160,-7.897663096,2.964844835
2.779000,0.800000,121.212121,2.963318856,0.849765662,-8.010072691,2.963318856
2.780000,0.800000,121.212121,2.955701451,0.778792429,-8.108356480,2.955701451
2.781000,0.800000,121.212121,2.967890834,0.842401662,-8.131457710,2.967890834
2.782000,0.800000,121.212121,2.963523624,0.899604002,-8.475579594,2.963523624
2.783000,0.800000,121.212121,2.962163673,0.948031605,-8.515366060,2.962163673
2.784000,0.800000,121.212121,2.967257804,1.053205468,-8.424489105,2.967257804
2.785000,0.800000,121.212121,2.971711787,1.082330941,-8.533527645,2.971711787
2.786000,0.800000,121.212121,2.981889252,1.044964547,-8.503200291,2.981889252
2.787000,0.800000,121.212121,2.967941725,1.282096388,-8.500540302,2.967941725
2.788000,0.800000,121.212121,2.947177023,1.345290433,-8.600021966,2.947177023
2.789000,0.800000,121.212121,2.941588061,1.337711427,-8.687002395,2.941588061
2.790000,0.800000,121.212121,2.942984614,1.205421120,-8.574556982,2.942984614
2.791000,0.800000,121.212121,2.950488856,1.089754904,-8.413410024,2.950488856
2.792000,0.800000,121.212121,2.950488856,1.089754904,-8.413410024,2.950488856
2.793000,0.800000,121.212121,2.950488856,1.089754904,-8.413410024,2.950488856
2.794000,0.800000,121.212121,2.950488856,1.089754904,-8.413410024,2.950488856
2.795000,0.800000,121.212121,2.978447858,1.127578668,-7.875936483,2.978447858
2.796000,0.800000,121.212121,2.981495657,1.021694423,-7.802580766,2.981495657
2.797000,0.800000,121.212121,2.969219973,1.044562539,-7.753092934,2.969219973
2.798000,0.800000,121.212121,2.979710568,1.137605968,-7.883669751,2.979710568
2.799000,0.800000,121.212121,2.995166061,1.093293508,-7.809342243,2.995166061
2.800000,0.800000,121.212121,2.989829804,1.117381370,-7.870018710,2.989829804
2.801000,0.800000,121.212121,2.985164121,1.012778555,-8.048734054,2.985164121
2.802000,0.800000,121.212121,2.976728430,0.849251120,-8.106076759,2.976728430
2.803000,0.800000,121.212121,2.986275484,0.715510693,-8.129464468,2.986275484
2.804000,0.800000,121.212121,2.994622821,0.472912878,-8.149913190,2.994622821
2.805000,0.800000,121.212121,3.001921200,0.574960068,-8.167792251,3.001921200
2.806000,0.800000,121.212121,3.002019252,0.727015484,-7.994929003,3.002019252
2.807000,0.800000,121.212121,3.002179941,0.850540231,-8.010008567,3.002179941
2.808000,0.800000,121.212121,3.008528664,0.779469663,-8.045468561,3.008528664
2.809000,0.800000,121.212121,3.020362769,0.842993791,-8.076472520,3.020362769
2.810000,0.800000,121.212121,3.030709756,0.835703390,-8.040748554,3.030709756
2.811000,0.800000,121.212121,3.039756502,0.766497274,-8.072345647,3.039756502
2.812000,0.800000,121.212121,3.049088696,0.770850297,-8.406703502,3.049088696
2.813000,0.800000,121.212121,3.055825876,0.709793861,-8.455145193,3.055825876
2.814000,0.800000,121.212121,3.042866882,0.907737416,-8.371835816,3.042866882
2.815000,0.800000,121.212121,3.050385919,1.017974797,-8.550322815,3.050385919
2.816000,0.800000,121.212121,3.050676900,1.177191193,-8.643548624,3.050676900
2.817000,0.800000,121.212121,3.050676900,1.177191193,-8.643548624,3.050676900
2.818000,0.800000,121.212121,3.050676900,1.177191193,-8.643548624,3.050676900
2.819000,0.800000,121.212121,3.050676900,1.177191193,-8.643548624,3.050676900
2.820000,0.800000,121.212121,3.032127082,1.289083250,-8.223788208,3.032127082
2.821000,0.800000,121.212121,3.015862980,1.351399300,-8.232383860,3.015862980
2.822000,0.800000,121.212121,3.000986169,1.634122734,-8.434965975,3.000986169
2.823000,0.800000,121.212121,2.994918536,1.653079843,-8.417024246,2.994918536
2.824000,0.800000,121.212121,2.999342806,1.199415536,-8.066722540,2.999342806
2.825000,0.800000,121.212121,3.029970683,1.337336749,-7.986268919,3.029970683
2.826000,0.800000,121.212121,3.029970683,1.337336749,-7.986268919,3.029970683
2.827000,0.800000,121.212121,3.047101407,1.387836375,-7.948452075,3.047101407
2.828000,0.800000,121.212121,3.047805132,1.249247182,-8.117311192,3.047805132
2.829000,0.800000,121.212121,3.048420425,1.128073621,-8.139287140,3.048420425
2.830000,0.800000,121.212121,3.025085594,1.172926087,-8.175301329,3.025085594
2.831000,0.800000,121.212121,3.025085594,1.172926087,-8.175301329,3.025085594
2.832000,0.800000,121.212121,3.014319711,1.128590961,-8.430473241,3.014319711
2.833000,0.800000,121.212121,3.006576535,0.959747654,-8.287432379,3.006576535
2.834000,0.800000,121.212121,3.024939137,0.937785530,-8.036702856,3.024939137
2.835000,0.800000,121.212121,3.030688600,0.838962141,-8.057734539,3.030688600
2.836000,0.800000,121.212121,3.030688600,0.838962141,-8.057734539,3.030688600
2.837000,0.800000,121.212121,3.023307055,0.826247076,-8.238621012,3.023307055
2.838000,0.800000,121.212121,3.014434497,0.883892982,-8.308184571,3.014434497
2.839000,0.800000,121.212121,3.006676896,0.934294889,-8.243342810,3.006676896
2.840000,0.800000,121.212121,2.998667788,0.891229842,-8.553216037,2.998667788
2.841000,0.800000,121.212121,2.998667788,0.891229842,-8.553216037,2.998667788
2.842000,0.800000,121.212121,2.998667788,0.891229842,-8.553216037,2.998667788
2.843000,0.800000,121.212121,2.998667788,0.891229842,-8.553216037,2.998667788
2.844000,0.800000,121.212121,3.038307579,0.888201584,-8.284970309,3.038307579
2.845000,0.800000,121.212121,3.041697861,1.044488731,-8.168902838,3.041697861
2.846000,0.800000,121.212121,3.041697861,1.044488731,-8.168902838,3.041697861
2.847000,0.800000,121.212121,3.073336830,1.273836960,-8.323605169,3.073336830
2.848000,0.800000,121.212121,3.077026900,1.275237062,-8.382489305,3.077026900
2.849000,0.800000,121.212121,3.097317429,1.097867501,-8.322947671,3.097317429
2.850000,0.800000,121.212121,3.097994008,1.121380577,-8.256250724,3.097994008
2.851000,0.800000,121.212121,3.098585566,1.141938913,-8.135103310,3.098585566
2.852000,0.800000,121.212121,3.092819601,1.097081960,-8.154843434,3.092819601
2.853000,0.800000,121.212121,3.087778209,1.309189310,-8.423430354,3.087778209
2.854000,0.800000,121.212121,3.085009991,1.240654966,-8.682990789,3.085009991
2.855000,0.800000,121.212121,3.074666798,1.183392988,-8.571049490,3.074666798
2.856000,0.800000,121.212121,3.071906554,1.070494908,-8.536007002,3.071906554
2.857000,0.800000,121.212121,3.088342729,1.034615873,-8.505368083,3.088342729
2.858000,0.800000,121.212121,3.096430288,1.066077384,-8.290083804,3.096430288
2.859000,0.800000,121.212121,3.080636959,1.054804662,-8.353411797,3.080636959
2.860000,0.800000,121.212121,3.070843298,1.020897321,-8.345718468,3.070843298
2.861000,0.800000,121.212121,3.068563529,1.116914609,-8.401823764,3.068563529
2.862000,0.800000,121.212121,3.072853430,1.200866008,-8.450878661,3.072853430
2.863000,0.800000,121.212121,3.076604246,1.148604058,-8.430937285,3.076604246
2.864000,0.800000,121.212121,3.100021504,1.290597522,-8.327529816,3.100021504
2.865000,0.800000,121.212121,3.100021504,1.290597522,-8.327529816,3.100021504
2.866000,0.800000,121.212121,3.100021504,1.290597522,-8.327529816,3.100021504
2.867000,0.800000,121.212121,3.100021504,1.290597522,-8.327529816,3.100021504
2.868000,0.800000,121.212121,3.125139162,1.103159753,-8.504522472,3.125139162
2.869000,0.800000,121.212121,3.119854278,1.193025136,-8.454510575,3.119854278
2.870000,0.800000,121.212121,3.130265164,1.204580351,-8.496944652,3.130265164
2.871000,0.800000,121.212121,3.133084594,1.340347202,-8.534046306,3.133084594
2.872000,0.800000,121.212121,3.141832910,1.270557527,-8.629317481,3.141832910
2.873000,0.800000,121.212121,3.143198694,1.209537882,-8.838280234,3.143198694
2.874000,0.800000,121.212121,3.124966491,1.470090183,-8.686794346,3.124966491
2.875000,0.800000,121.212121,3.122168586,1.509660231,-8.888534343,3.122168586
2.876000,0.800000,121.212121,3.113439092,1.607089613,-8.939259238,3.113439092
2.877000,0.800000,121.212121,3.112089763,1.692275658,-8.983609854,3.112089763
2.878000,0.800000,121.212121,3.116161669,1.588446840,-8.812859927,3.116161669
2.879000,0.800000,121.212121,3.120753396,1.424648193,-8.810262496,3.120753396
2.880000,0.800000,121.212121,3.118484925,1.344264944,-8.933655175,3.118484925
2.881000,0.800000,121.212121,3.129067889,1.273982951,-8.915878166,3.129067889
2.882000,0.800000,121.212121,3.125754588,1.086869148,-8.837503228,3.125754588
2.883000,0.800000,121.212121,3.132101552,0.827267488,-8.771894214,3.132101552
2.884000,0.800000,121.212121,3.134690214,0.570625899,-8.900108393,3.134690214
2.885000,0.800000,121.212121,3.136953576,0.597562257,-8.949378850,3.136953576
2.886000,0.800000,121.212121,3.151498886,0.746777397,-8.992457799,3.151498886
2.887000,0.800000,121.212121,3.164216379,0.814409758,-9.092955140,3.164216379
2.888000,0.800000,121.212121,3.172491438,0.799581980,-9.618849959,3.172491438
2.889000,0.800000,121.212121,3.172491438,0.799581980,-9.618849959,3.172491438
2.890000,0.800000,121.212121,3.172491438,0.799581980,-9.618849959,3.172491438
2.891000,0.800000,121.212121,3.172491438,0.799581980,-9.618849959,3.172491438
2.892000,0.800000,121.212121,3.153093626,0.676737076,-9.732886007,3.153093626
2.893000,0.800000,121.212121,3.159284446,0.757168031,-10.053117871,3.159284446
2.894000,0.800000,121.212121,3.171023576,0.823494666,-9.957496884,3.171023576
2.895000,0.800000,121.212121,3.175004339,1.007150156,-9.999555690,3.175004339
2.896000,0.800000,121.212121,3.184768049,0.853567551,-9.847833672,3.184768049
2.897000,0.800000,121.212121,3.187021630,0.782116558,-9.778009458,3.187021630
2.898000,0.800000,121.212121,3.189925231,0.782790677,-9.773453857,3.189925231
2.899000,0.800000,121.212121,3.194951420,0.831548888,-9.565833469,3.194951420
2.900000,0.800000,121.212121,3.208491692,0.951360402,-9.531446445,3.208491692
2.901000,0.800000,121.212121,3.214047257,0.930452250,-9.501380623,3.214047257
2.902000,0.800000,121.212121,3.218904689,0.975003348,-9.475092983,3.218904689
2.903000,0.800000,121.212121,3.238641853,0.930245675,-9.432012792,3.238641853
2.904000,0.800000,121.212121,3.234125452,0.911990878,-9.602937730,3.234125452
2.905000,0.800000,121.212121,3.230176599,0.896030047,-9.626719901,3.230176599
2.906000,0.800000,121.212121,3.245573529,0.882074913,-9.584681662,3.245573529
2.907000,0.800000,121.212121,3.252752439,0.744209727,-9.673589811,3.252752439
2.908000,0.800000,121.212121,3.247246818,0.698876101,-9.717315852,3.247246818
2.909000,0.800000,121.212121,3.235365900,0.709696062,-9.663892991,3.235365900
2.910000,0.800000,121.212121,3.218694797,0.844820053,-9.554351591,3.218694797
2.911000,0.800000,121.212121,3.222968202,0.900132010,-9.647071129,3.222968202
2.912000,0.800000,121.212121,3.220421411,0.885661408,-9.728139187,3.220421411
2.913000,0.800000,121.212121,3.220421411,0.885661408,-9.728139187,3.220421411
2.914000,0.800000,121.212121,3.220421411,0.885661408,-9.728139187,3.220421411
2.915000,0.800000,121.212121,3.210754110,0.861946982,-9.798161686,3.210754110
2.916000,0.800000,121.212121,3.205913581,0.932489538,-9.865916879,3.205913581
2.917000,0.800000,121.212121,3.199226750,0.913952769,-9.982315821,3.199226750
2.918000,0.800000,121.212121,3.223598778,0.946406561,-10.228006606,3.223598778
2.919000,0.800000,121.212121,3.233539116,0.988952780,-10.173240305,3.233539116
2.920000,0.800000,121.212121,3.229663944,0.900488778,-10.188187994,3.229663944
2.921000,0.800000,121.212121,3.238842111,0.697477784,-10.201257300,3.238842111
2.922000,0.800000,121.212121,3.253150101,0.771305317,-10.149852416,3.253150101
2.923000,0.800000,121.212121,3.264821236,0.955125748,-10.002778226,3.264821236
2.924000,0.800000,121.212121,3.214069818,1.024922305,-10.070945185,3.214069818
2.925000,0.800000,121.212121,3.199615362,1.266774816,-9.714816131,3.199615362
2.926000,0.800000,121.212121,3.187436804,1.331894227,-9.913034806,3.187436804
2.927000,0.800000,121.212121,3.195638204,1.388830491,-9.960680882,3.195638204
2.928000,0.800000,121.212121,3.196525801,1.501443786,-10.002339575,3.196525801
2.929000,0.800000,121.212121,3.191018674,1.411410118,-10.227258842,3.191018674
2.930000,0.800000,121.212121,3.188276778,1.146094897,-10.352424864,3.188276778
2.931000,0.800000,121.212121,3.196372625,1.163547540,-10.219191850,3.196372625
2.932000,0.800000,121.212121,3.190884746,1.053143314,-10.165533244,3.190884746
2.933000,0.800000,121.212121,3.192369680,1.082276597,-10.244281284,3.192369680
2.934000,0.800000,121.212121,3.187384827,1.170580738,-10.313133553,3.187384827
2.935000,0.800000,121.212121,3.197275635,1.197525562,-10.300304962,3.197275635
2.936000,0.800000,121.212121,3.197275635,1.197525562,-10.300304962,3.197275635
2.937000,0.800000,121.212121,3.209540850,1.163187740,-10.251353164,3.209540850
2.938000,0.800000,121.212121,3.209540850,1.163187740,-10.251353164,3.209540850
2.939000,0.800000,121.212121,3.213423548,1.545177950,-10.268867449,3.213423548
2.940000,0.800000,121.212121,3.240734904,1.483891628,-10.447064997,3.240734904
2.941000,0.800000,121.212121,3.235955482,1.521727335,-10.427602860,3.235955482
2.942000,0.800000,121.212121,3.231776661,1.366312908,-10.410586407,3.231776661
2.943000,0.800000,121.212121,3.234406151,1.167596581,-10.332876452,3.234406151
2.944000,0.800000,121.212121,3.236705209,1.182347243,-10.390595523,3.236705209
2.945000,0.800000,121.212121,3.229485673,1.379224823,-10.249649507,3.229485673
2.946000,0.800000,121.212121,3.238686242,1.493045202,-10.254995332,3.238686242
2.947000,0.800000,121.212121,3.247480952,1.444038022,-10.444355947,3.247480952
2.948000,0.800000,121.212121,3.241853797,1.298386322,-10.550897945,3.241853797
2.949000,0.800000,121.212121,3.233421583,1.004756110,-10.317258761,3.233421583
2.950000,0.800000,121.212121,3.229561180,1.102801762,-10.376940410,3.229561180
2.951000,0.800000,121.212121,3.226185890,1.000031075,-10.366290388,3.226185890
2.952000,0.800000,121.212121,3.216951566,1.035838639,-10.356978688,3.216951566
2.953000,0.800000,121.212121,3.208877662,0.941482786,-10.348837130,3.208877662
2.954000,0.800000,121.212121,3.219989318,0.786852391,-10.335494744,3.219989318
2.955000,0.800000,121.212121,3.224100049,0.723785073,-10.392884791,3.224100049
2.956000,0.800000,121.212121,3.227694211,0.731474881,-10.317399286,3.227694211
2.957000,0.800000,121.212121,3.237119902,0.801030212,-10.251399570,3.237119902
2.958000,0.800000,121.212121,3.232794755,0.924676815,-10.193693622,3.232794755
2.959000,0.800000,121.212121,3.231989888,1.001645194,-10.044188932,3.231989888
2.960000,0.800000,121.212121,3.231989888,1.001645194,-10.044188932,3.231989888
2.961000,0.800000,121.212121,3.231989888,1.001645194,-10.044188932,3.231989888
2.962000,0.800000,121.212121,3.231989888,1.001645194,-10.044188932,3.231989888
2.963000,0.800000,121.212121,3.269776605,0.980467497,-10.111622700,3.269776605
2.964000,0.800000,121.212121,3.272037982,0.934422820,-10.162048545,3.272037982
2.965000,0.800000,121.212121,3.282174456,0.978474961,-10.241234485,3.282174456
2.966000,0.800000,121.212121,3.284753957,0.954159493,-10.247637773,3.284753957
2.967000,0.800000,121.212121,3.287009309,0.870067745,-10.316068253,3.287009309
2.968000,0.800000,121.212121,3.282698060,0.670879570,-10.564395064,3.282698060
2.969000,0.800000,121.212121,3.275632783,0.768481546,-10.429553478,3.275632783
2.970000,0.800000,121.212121,3.260184780,0.959050188,-10.286628197,3.260184780
2.971000,0.800000,121.212121,3.240394844,0.874343857,-10.412990849,3.240394844
2.972000,0.800000,121.212121,3.248224526,0.674618330,-10.397810595,3.248224526
2.973000,0.800000,121.212121,3.248787117,0.437159201,-10.447369802,3.248787117
2.974000,0.800000,121.212121,3.266979509,0.110842974,-10.347987566,3.266979509
2.975000,0.800000,121.212121,3.265185278,-0.118601908,-10.152480307,3.265185278
2.976000,0.800000,121.212121,3.269899703,-0.005054630,-10.232868627,3.269899703
2.977000,0.800000,121.212121,3.280304880,0.157055729,-10.303155053,3.280304880
2.978000,0.800000,121.212121,3.295685690,0.047467287,-10.238945319,3.295685690
2.979000,0.800000,121.212121,3.309114963,0.221177790,-10.487022461,3.309114963
2.980000,0.800000,121.212121,3.314592206,0.166363385,-10.525370974,3.314592206
2.981000,0.800000,121.212121,3.319381158,0.244100868,-10.307573058,3.319381158
2.982000,0.800000,121.212121,3.323568313,0.374901424,-10.242808142,3.323568313
2.983000,0.800000,121.212121,3.327229294,0.237937685,-10.249013678,3.327229294
2.984000,0.800000,121.212121,3.315168924,-0.096390864,-10.314119482,3.315168924
2.985000,0.800000,121.212121,3.315168924,-0.096390864,-10.314119482,3.315168924
2.986000,0.800000,121.212121,3.315168924,-0.096390864,-10.314119482,3.315168924
2.987000,0.800000,121.212121,3.315168924,-0.096390864,-10.314119482,3.315168924
2.988000,0.800000,121.212121,3.305787844,-0.287931440,-10.437031928,3.305787844
2.989000,0.800000,121.212121,3.300356845,-0.388526516,-10.528580193,3.300356845
2.990000,0.800000,121.212121,3.300651480,-0.366723217,-10.624538261,3.300651480
2.991000,0.800000,121.212121,3.307192275,-0.284827949,-10.582774175,3.307192275
2.992000,0.800000,121.212121,3.312911130,-0.338887650,-10.734753879,3.312911130
2.993000,0.800000,121.212121,3.336760889,-0.260490303,-10.867635250,3.336760889
2.994000,0.800000,121.212121,3.356996323,0.166355188,-10.669265353,3.356996323
2.995000,0.800000,121.212121,3.362739802,0.244093701,-10.684712549,3.362739802
2.996000,0.800000,121.212121,3.361478348,0.123567745,-10.698218593,3.361478348
2.997000,0.800000,121.212121,3.360375414,0.143851234,-10.772859270,3.360375414
2.998000,0.800000,121.212121,3.384543820,0.035922118,-10.712456617,3.384543820
2.999000,0.800000,121.212121,3.372604250,-0.180100768,-10.953064470,3.372604250
3.000000,0.800000,121.212121,3.376386379,-0.247320875,-10.995680270,3.376386379
3.001000,0.800000,121.212121,3.385976417,-0.368925707,-10.907277104,3.385976417
3.002000,0.800000,121.212121,3.384422155,-0.442548030,-10.825233828,3.384422155
3.003000,0.800000,121.212121,3.384422155,-0.442548030,-10.825233828,3.384422155
3.004000,0.800000,121.212121,3.382444408,-0.451789156,-10.456251118,3.382444408
3.005000,0.800000,121.212121,3.384989987,-0.422036040,-10.435634619,3.384989987
3.006000,0.800000,121.212121,3.380932493,-0.207526251,-10.417608866,3.380932493
3.007000,0.800000,121.212121,3.392343058,-0.327059647,-10.749268008,3.392343058
3.008000,0.800000,121.212121,3.373704237,-0.110299924,-10.929301787,3.373704237
3.009000,0.800000,121.212121,3.373704237,-0.110299924,-10.929301787,3.373704237
3.010000,0.800000,121.212121,3.373704237,-0.110299924,-10.929301787,3.373704237
3.011000,0.800000,121.212121,3.373704237,-0.110299924,-10.929301787,3.373704237
3.012000,0.800000,121.212121,3.373704237,-0.110299924,-10.929301787,3.373704237
3.013000,0.800000,121.212121,3.371518772,0.284385457,-10.599850245,3.371518772
3.014000,0.800000,121.212121,3.371518772,0.284385457,-10.599850245,3.371518772
3.015000,0.800000,121.212121,3.379652991,0.331565654,-10.762921267,3.379652991
3.016000,0.800000,121.212121,3.395115720,0.325711355,-10.766599313,3.395115720
3.017000,0.800000,121.212121,3.402352159,0.383424581,-10.895478869,3.402352159
3.018000,0.800000,121.212121,3.425988041,0.234573302,-11.106686717,3.425988041
3.019000,0.800000,121.212121,3.425988041,0.234573302,-11.106686717,3.425988041
3.020000,0.800000,121.212121,3.426786401,0.246445571,-11.268147504,3.426786401
3.021000,0.800000,121.212121,3.436326170,0.314119630,-11.334000655,3.436326170
3.022000,0.800000,121.212121,3.438383952,0.310457663,-11.391578455,3.438383952
3.023000,0.800000,121.212121,3.448039430,0.422224452,-11.485936968,3.448039430
3.024000,0.800000,121.212121,3.448039430,0.422224452,-11.485936968,3.448039430
3.025000,0.800000,121.212121,3.454631127,0.327066258,-11.440302628,3.454631127
3.026000,0.800000,121.212121,3.460671826,0.133281810,-11.421690275,3.460671826
3.027000,0.800000,121.212121,3.453387057,0.152344593,-11.656744232,3.453387057
3.028000,0.800000,121.212121,3.430461542,0.183584687,-11.798518986,3.430461542
3.029000,0.800000,121.212121,3.430461542,0.183584687,-11.798518986,3.430461542
3.030000,0.800000,121.212121,3.460043021,0.388066489,-12.158228087,3.460043021
3.031000,0.800000,121.212121,3.465403640,0.375112085,-12.363557826,3.465403640
3.032000,0.800000,121.212121,3.470090625,0.552281139,-12.480253216,3.470090625
3.033000,0.800000,121.212121,3.501325260,0.552153613,-12.734325502,3.501325260
3.034000,0.800000,121.212121,3.501325260,0.552153613,-12.734325502,3.501325260
3.035000,0.800000,121.212121,3.501325260,0.552153613,-12.734325502,3.501325260
3.036000,0.800000,121.212121,3.501325260,0.552153613,-12.734325502,3.501325260
3.037000,0.800000,121.212121,3.501325260,0.552153613,-12.734325502,3.501325260
3.038000,0.800000,121.212121,3.520160264,0.745172456,-12.621802686,3.520160264
3.039000,0.800000,121.212121,3.520160264,0.745172456,-12.621802686,3.520160264
3.040000,0.800000,121.212121,3.522331276,0.589739733,-12.308631027,3.522331276
3.041000,0.800000,121.212121,3.513581337,0.551442322,-12.306565016,3.513581337
3.042000,0.800000,121.212121,3.505930948,0.643621212,-12.367590480,3.505930948
3.043000,0.800000,121.212121,3.499676674,0.559147954,-12.404767173,3.499676674
3.044000,0.800000,121.212121,3.499676674,0.559147954,-12.404767173,3.499676674
3.045000,0.800000,121.212121,3.506339967,0.650358525,-12.327788484,3.506339967
3.046000,0.800000,121.212121,3.531015482,0.667275385,-12.260483223,3.531015482
3.047000,0.800000,121.212121,3.541616933,0.812766762,-12.275847049,3.541616933
3.048000,0.800000,121.212121,3.537944557,1.159525721,-12.091200898,3.537944557
3.049000,0.800000,121.212121,3.537944557,1.159525721,-12.091200898,3.537944557
3.050000,0.800000,121.212121,3.541420343,0.945642671,-12.020773108,3.541420343
3.051000,0.800000,121.212121,3.555404343,0.925453031,-11.992048537,3.555404343
3.052000,0.800000,121.212121,3.548781505,0.656473084,-12.092597307,3.548781505
3.053000,0.800000,121.212121,3.543421615,0.521932261,-12.375144680,3.543421615
3.054000,0.800000,121.212121,3.543421615,0.521932261,-12.375144680,3.543421615
3.055000,0.800000,121.212121,3.545607357,0.764489035,-12.465478257,3.545607357
3.056000,0.800000,121.212121,3.540215645,0.767063832,-12.380870388,3.540215645
3.057000,0.800000,121.212121,3.541784661,0.957810630,-12.306894658,3.541784661
3.058000,0.800000,121.212121,3.567909569,0.728606902,-12.303431235,3.567909569
3.059000,0.800000,121.212121,3.567909569,0.728606902,-12.303431235,3.567909569
3.060000,0.800000,121.212121,3.572281649,0.798522634,-12.239186796,3.572281649
3.061000,0.800000,121.212121,3.572281649,0.798522634,-12.239186796,3.572281649
3.062000,0.800000,121.212121,3.572281649,0.798522634,-12.239186796,3.572281649
3.063000,0.800000,121.212121,3.601916340,0.226768022,-12.706581003,3.601916340
3.064000,0.800000,121.212121,3.601916340,0.226768022,-12.706581003,3.601916340
3.065000,0.800000,121.212121,3.602101268,0.185542546,-12.781681231,3.602101268
3.066000,0.800000,121.212121,3.608459877,0.260869905,-12.720169978,3.608459877
3.067000,0.800000,121.212121,3.626585811,0.326731348,-12.792052163,3.626585811
3.068000,0.800000,121.212121,3.650007411,0.081361030,-13.035516412,3.650007411
3.069000,0.800000,121.212121,3.650007411,0.081361030,-13.035516412,3.650007411
3.070000,0.800000,121.212121,3.637779587,0.106948371,-13.193434701,3.637779587
3.071000,0.800000,121.212121,3.646377888,-0.077448275,-13.255780507,3.646377888
3.072000,0.800000,121.212121,3.647867321,-0.345387745,-13.154483970,3.647867321
3.073000,0.800000,121.212121,3.647867321,-0.345387745,-13.154483970,3.647867321
3.074000,0.800000,121.212121,3.655289124,-0.134081892,-13.077046419,3.655289124
3.075000,0.800000,121.212121,3.654963951,-0.144253048,-13.166914041,3.654963951
3.076000,0.800000,121.212121,3.648396455,-0.341641618,-13.245488564,3.648396455
3.077000,0.800000,121.212121,3.631350455,-0.437481694,-12.777520716,3.631350455
3.078000,0.800000,121.212121,3.631350455,-0.437481694,-12.777520716,3.631350455
3.079000,0.800000,121.212121,3.637168958,-0.620620317,-12.616167407,3.637168958
3.080000,0.800000,121.212121,3.651687203,-0.695314958,-12.701118940,3.651687203
3.081000,0.800000,121.212121,3.664381031,-0.634959487,-12.712563296,3.664381031
3.082000,0.800000,121.212121,3.660840506,-0.536048926,-12.731318310,3.660840506
3.083000,0.800000,121.212121,3.660840506,-0.536048926,-12.731318310,3.660840506
3.084000,0.800000,121.212121,3.647251355,-0.558539268,-12.738967701,3.647251355
3.085000,0.800000,121.212121,3.647251355,-0.558539268,-12.738967701,3.647251355
3.086000,0.800000,121.212121,3.647251355,-0.558539268,-12.738967701,3.647251355
3.087000,0.800000,121.212121,3.654028672,-0.603292130,-12.515967480,3.654028672
3.088000,0.800000,121.212121,3.651054788,-0.545268535,-12.603928148,3.651054788
3.089000,0.800000,121.212121,3.663219445,-0.514523913,-12.766038677,3.663219445
3.090000,0.800000,121.212121,3.687030459,-0.539719167,-12.643661272,3.687030459
3.091000,0.800000,121.212121,3.695282923,-0.687411999,-12.662325971,3.695282923
3.092000,0.800000,121.212121,3.702523877,-0.748851174,-12.755745538,3.702523877
3.093000,0.800000,121.212121,3.702523877,-0.748851174,-12.755745538,3.702523877
3.094000,0.800000,121.212121,3.708848893,-0.858651061,-12.701497724,3.708848893
3.095000,0.800000,121.212121,3.714359571,-0.840602023,-12.650062627,3.714359571
3.096000,0.800000,121.212121,3.714359571,-0.840602023,-12.650062627,3.714359571
3.097000,0.800000,121.212121,3.714359571,-0.840602023,-12.650062627,3.714359571
3.098000,0.800000,121.212121,3.732567418,-1.019696183,-12.483358946,3.732567418
3.099000,0.800000,121.212121,3.742803332,-0.892998115,-12.320563800,3.742803332
3.100000,0.800000,121.212121,3.750330355,-0.933464752,-12.442661978,3.750330355
3.101000,0.800000,121.212121,3.744345133,-0.968846202,-12.549416847,3.744345133
3.102000,0.800000,121.212121,3.728253366,-1.199533522,-12.433894538,3.728253366
3.103000,0.800000,121.212121,3.728253366,-1.199533522,-12.433894538,3.728253366
3.104000,0.800000,121.212121,3.740294962,-1.320949494,-12.110045851,3.740294962
3.105000,0.800000,121.212121,3.748137196,-1.244806322,-12.132934789,3.748137196
3.106000,0.800000,121.212121,3.754993946,-1.303895289,-12.090115565,3.754993946
3.107000,0.800000,121.212121,3.766230789,-1.282962280,-12.208438969,3.766230789
3.108000,0.800000,121.212121,3.766230789,-1.282962280,-12.208438969,3.766230789
3.109000,0.800000,121.212121,3.774820950,-1.141296043,-12.220269726,3.774820950
3.110000,0.800000,121.212121,3.774820950,-1.141296043,-12.220269726,3.774820950
3.111000,0.800000,121.212121,3.774820950,-1.141296043,-12.220269726,3.774820950
3.112000,0.800000,121.212121,3.774820950,-1.141296043,-12.220269726,3.774820950
3.113000,0.800000,121.212121,3.793985084,-0.480126945,-12.076136667,3.793985084
3.114000,0.800000,121.212121,3.796038109,-0.653221074,-12.119129386,3.796038109
3.115000,0.800000,121.212121,3.796875452,-0.535323424,-12.140876853,3.796875452
3.116000,0.800000,121.212121,3.797607572,-0.495073082,-12.222723306,3.797607572
3.117000,0.800000,121.212121,3.805090555,-0.601815004,-12.592389338,3.805090555
3.118000,0.800000,121.212121,3.805090555,-0.601815004,-12.592389338,3.805090555
3.119000,0.800000,121.212121,3.821798260,-0.809079062,-12.702281503,3.821798260
3.120000,0.800000,121.212121,3.819398488,-0.797259425,-12.650747914,3.819398488
3.121000,0.800000,121.212121,3.817300279,-0.786925088,-12.668522080,3.817300279
3.122000,0.800000,121.212121,3.812459296,-0.927890225,-12.898026173,3.812459296
3.123000,0.800000,121.212121,3.798666721,-0.963972190,-13.010390143,3.798666721
3.124000,0.800000,121.212121,3.799173744,-0.932688109,-13.045802186,3.799173744
3.125000,0.800000,121.212121,3.799617052,-0.905335301,-13.076764221,3.799617052
3.126000,0.800000,121.212121,3.788566743,-0.978277536,-13.072568642,3.788566743
3.127000,0.800000,121.212121,3.796626151,-0.882363939,-13.162998958,3.796626151
3.128000,0.800000,121.212121,3.797389599,-0.672839493,-13.179233612,3.797389599
3.129000,0.800000,121.212121,3.791773924,-0.615308373,-13.256260012,3.791773924
3.130000,0.800000,121.212121,3.786863935,-0.565006826,-13.449270696,3.786863935
3.131000,0.800000,121.212121,3.790594247,-0.419740785,-13.404376901,3.790594247
3.132000,0.800000,121.212121,3.804682057,-0.268351280,-13.264615402,3.804682057
3.133000,0.800000,121.212121,3.816999540,-0.198817794,-13.268080557,3.816999540
3.134000,0.800000,121.212121,3.827769163,-0.138022144,-13.271110268,3.827769163
3.135000,0.800000,121.212121,3.837185436,-0.336193713,-13.336591107,3.837185436
3.136000,0.800000,121.212121,3.829063220,-0.598125476,-13.318237417,3.829063220
3.137000,0.800000,121.212121,3.813184135,-0.549983195,-13.440627937,3.813184135
3.138000,0.800000,121.212121,3.805583660,-0.507890652,-13.421974705,3.805583660
3.139000,0.800000,121.212121,3.817787845,-0.533919467,-13.405665507,3.817787845
3.140000,0.800000,121.212121,3.815892036,-0.431013699,-13.328573930,3.815892036
3.141000,0.800000,121.212121,3.794725196,-0.497907745,-12.966700189,3.794725196
3.142000,0.800000,121.212121,3.795727525,-0.399527343,-13.007602474,3.795727525
3.143000,0.800000,121.212121,3.802887083,-0.313509787,-12.980532973,3.802887083
3.144000,0.800000,121.212121,3.802863759,-0.363965222,-13.019696979,3.802863759
3.145000,0.800000,121.212121,3.796560181,-0.408080240,-12.991107638,3.796560181
3.146000,0.800000,121.212121,3.791723492,-0.770848157,-13.289663803,3.791723492
3.147000,0.800000,121.212121,3.788026018,-0.624139550,-12.999786653,3.788026018
3.148000,0.800000,121.212121,3.789870190,-0.509896391,-12.785203758,3.789870190
3.149000,0.800000,121.212121,3.804048988,-0.535673158,-12.786081704,3.804048988
3.150000,0.800000,121.212121,3.798237983,-0.389420570,-12.732584313,3.798237983
3.151000,0.800000,121.212121,3.798798882,-0.304673068,-12.740074613,3.798798882
3.152000,0.800000,121.212121,3.818138853,-0.167743399,-12.746623655,3.818138853
3.153000,0.800000,121.212121,3.816198935,-0.299348231,-12.815181573,3.816198935
3.154000,0.800000,121.212121,3.808219609,-0.225919554,-12.875124249,3.808219609
3.155000,0.800000,121.212121,3.806130321,0.004287720,-12.910526468,3.806130321
3.156000,0.800000,121.212121,3.805699440,0.039560379,-12.769992191,3.805699440
3.157000,0.800000,121.212121,3.805322705,-0.118095015,-12.647117973,3.805322705
3.158000,0.800000,121.212121,3.804993312,-0.193106994,-12.476852731,3.804993312
3.159000,0.800000,121.212121,3.804993312,-0.193106994,-12.476852731,3.804993312
3.160000,0.800000,121.212121,3.804993312,-0.193106994,-12.476852731,3.804993312
3.161000,0.800000,121.212121,3.804993312,-0.193106994,-12.476852731,3.804993312
3.162000,0.800000,121.212121,3.817732843,-0.317633079,-12.647368752,3.817732843
3.163000,0.800000,121.212121,3.815843946,-0.493234072,-12.791231262,3.815843946
3.164000,0.800000,121.212121,3.801626044,-0.583936540,-12.917015476,3.801626044
3.165000,0.800000,121.212121,3.785398496,-0.544084208,-12.769846609,3.785398496
3.166000,0.800000,121.212121,3.787572853,-0.377069248,-12.772654391,3.787572853
3.167000,0.800000,121.212121,3.783190786,-0.293873859,-12.837941190,3.783190786
3.168000,0.800000,121.212121,3.785642572,-0.221133112,-12.957855661,3.785642572
3.169000,0.800000,121.212121,3.806635813,-0.283196942,-12.999869382,3.806635813
3.170000,0.800000,121.212121,3.799425950,-0.377011479,-12.950953456,3.799425950
3.171000,0.800000,121.212121,3.800197454,-0.276025119,-12.850727141,3.800197454
3.172000,0.800000,121.212121,3.800512119,-0.331191016,-12.780539323,3.800512119
3.173000,0.800000,121.212121,3.800787242,-0.442256415,-12.719171566,3.800787242
3.174000,0.800000,121.212121,3.789461311,-0.372943007,-12.500834048,3.789461311
3.175000,0.800000,121.212121,3.791125119,-0.290266137,-12.537446946,3.791125119
3.176000,0.800000,121.212121,3.792579847,-0.406474308,-12.632290784,3.792579847
3.177000,0.800000,121.212121,3.793851768,-0.508079330,-12.526720635,3.793851768
3.178000,0.800000,121.212121,3.794963856,-0.659748141,-12.560080528,3.794963856
3.179000,0.800000,121.212121,3.796786344,-0.845471174,-12.913118628,3.796786344
3.180000,0.800000,121.212121,3.797529662,-1.017573929,-13.023586024,3.797529662
3.181000,0.800000,121.212121,3.798179571,-1.042385907,-12.931676118,3.798179571
3.182000,0.800000,121.212121,3.792464625,-1.001248068,-12.914147804,3.792464625
3.183000,0.800000,121.212121,3.792464625,-1.001248068,-12.914147804,3.792464625
3.184000,0.800000,121.212121,3.792464625,-1.001248068,-12.914147804,3.792464625
3.185000,0.800000,121.212121,3.792464625,-1.001248068,-12.914147804,3.792464625
3.186000,0.800000,121.212121,3.783501976,-0.432739354,-13.242903787,3.783501976
3.187000,0.800000,121.212121,3.785914656,-0.342548254,-13.374761010,3.785914656
3.188000,0.800000,121.212121,3.788024150,-0.326522754,-13.427216713,3.788024150
3.189000,0.800000,121.212121,3.785198004,-0.527900524,-13.466140646,3.785198004
3.190000,0.800000,121.212121,3.787397555,-0.425751118,-13.381449539,3.787397555
3.191000,0.800000,121.212121,3.795603888,-0.462101891,-13.244569177,3.795603888
3.192000,0.800000,121.212121,3.796495797,-0.556716545,-13.313385269,3.796495797
3.193000,0.800000,121.212121,3.797275626,-0.639441570,-13.310721822,3.797275626
3.194000,0.800000,121.212121,3.811119980,-0.657243340,-13.314252647,3.811119980
3.195000,0.800000,121.212121,3.822628450,-0.664503943,-13.374312055,3.822628450
3.196000,0.800000,121.212121,3.820823906,-0.880289827,-13.181279632,3.820823906
3.197000,0.800000,121.212121,3.824829760,-0.922353435,-13.195217069,3.824829760
3.198000,0.800000,121.212121,3.828332223,-0.896299321,-13.207403076,3.828332223
3.199000,0.800000,121.212121,3.816012073,-0.673001956,-13.164541654,3.816012073
3.200000,0.800000,121.212121,3.814339414,-0.678282273,-12.992086888,3.814339414
3.201000,0.800000,121.212121,3.812876948,-0.682899045,-12.841303427,3.812876948
3.202000,0.800000,121.212121,3.805315075,-0.749767510,-12.897963534,3.805315075
3.203000,0.800000,121.212121,3.817553011,-0.871064889,-13.010335375,3.817553011
3.204000,0.800000,121.212121,3.837608544,-1.069847063,-13.194490375,3.837608544
3.205000,0.800000,121.212121,3.839505178,-1.276585765,-13.143935848,3.839505178
3.206000,0.800000,121.212121,3.839505178,-1.276585765,-13.143935848,3.839505178
3.207000,0.800000,121.212121,3.839505178,-1.276585765,-13.143935848,3.839505178
3.208000,0.800000,121.212121,3.839505178,-1.276585765,-13.143935848,3.839505178
3.209000,0.800000,121.212121,3.839505178,-1.276585765,-13.143935848,3.839505178
3.210000,0.800000,121.212121,3.808498316,-0.691565488,-13.211397190,3.808498316
3.211000,0.800000,121.212121,3.814053049,-0.506017483,-13.284381796,3.814053049
3.212000,0.800000,121.212121,3.812626568,-0.532281688,-13.222531180,3.812626568
3.213000,0.800000,121.212121,3.823945715,-0.555245435,-13.168452941,3.823945715
3.214000,0.800000,121.212121,3.825225116,-0.710646452,-12.962061488,3.825225116
3.215000,0.800000,121.212121,3.828677898,-0.711196222,-12.815051130,3.828677898
3.216000,0.800000,121.212121,3.837979975,-0.774508759,-12.812178344,3.837979975
3.217000,0.800000,121.212121,3.846113119,-0.767033354,-13.060993976,3.846113119
3.218000,0.800000,121.212121,3.859507407,-0.697665484,-13.278542514,3.859507407
3.219000,0.800000,121.212121,3.839844377,-0.701753423,-13.344588896,3.839844377
3.220000,0.800000,121.212121,3.841460048,-0.703420724,-13.526499845,3.841460048
3.221000,0.800000,121.212121,3.870584762,-0.375666099,-13.559666984,3.870584762
3.222000,0.800000,121.212121,3.870584762,-0.375666099,-13.559666984,3.870584762
3.223000,0.800000,121.212121,3.877359837,-0.345724161,-13.323962375,3.877359837
3.224000,0.800000,121.212121,3.867977991,-0.392131419,-13.319969770,3.867977991
3.225000,0.800000,121.212121,3.872341473,-0.558370674,-13.379310743,3.872341473
3.226000,0.800000,121.212121,3.873998731,-0.540331392,-13.523599231,3.873998731
3.227000,0.800000,121.212121,3.873998731,-0.540331392,-13.523599231,3.873998731
3.228000,0.800000,121.212121,3.857205658,-0.463709159,-13.422053584,3.857205658
3.229000,0.800000,121.212121,3.844073275,-0.432458131,-13.468566327,3.844073275
3.230000,0.800000,121.212121,3.838874341,-0.405134223,-13.446402253,3.838874341
3.231000,0.800000,121.212121,3.838874341,-0.405134223,-13.446402253,3.838874341
3.232000,0.800000,121.212121,3.838874341,-0.405134223,-13.446402253,3.838874341
3.233000,0.800000,121.212121,3.838874341,-0.405134223,-13.446402253,3.838874341
3.234000,0.800000,121.212121,3.848247531,-0.014569558,-13.212307643,3.848247531
3.235000,0.800000,121.212121,3.855090416,0.023072776,-13.222345985,3.855090416
3.236000,0.800000,121.212121,3.855090416,0.023072776,-13.222345985,3.855090416
3.237000,0.800000,121.212121,3.860021352,-0.504079070,-13.293732992,3.860021352
3.238000,0.800000,121.212121,3.874778108,-0.671531611,-13.238433446,3.874778108
3.239000,0.800000,121.212121,3.872003877,-0.676996696,-13.433684282,3.872003877
3.240000,0.800000,121.212121,3.869578266,-0.493279460,-13.541567322,3.869578266
3.241000,0.800000,121.212121,3.871096790,-0.435635336,-13.419998175,3.871096790
3.242000,0.800000,121.212121,3.871096790,-0.435635336,-13.419998175,3.871096790
3.243000,0.800000,121.212121,3.837716809,-0.501440820,-13.217190605,3.837716809
3.244000,0.800000,121.212121,3.839599838,-0.591111998,-13.226615336,3.839599838
3.245000,0.800000,121.212121,3.828679868,-0.606682910,-13.297687573,3.828679868
3.246000,0.800000,121.212121,3.834337823,-0.569368672,-13.594760649,3.834337823
3.247000,0.800000,121.212121,3.834337823,-0.569368672,-13.594760649,3.834337823
3.248000,0.800000,121.212121,3.815109520,-0.603675135,-13.704094285,3.815109520
3.249000,0.800000,121.212121,3.819833465,-0.492003611,-13.652332895,3.819833465
3.250000,0.800000,121.212121,3.823963781,-0.331533291,-13.544244180,3.823963781
3.251000,0.800000,121.212121,3.842509346,-0.123490661,-13.422044537,3.842509346
3.252000,0.800000,121.212121,3.842509346,-0.123490661,-13.422044537,3.842509346
3.253000,0.800000,121.212121,3.845699529,-0.262817467,-13.579954726,3.845699529
3.254000,0.800000,121.212121,3.852862605,-0.319643087,-13.857952438,3.852862605
3.255000,0.800000,121.212121,3.865408727,-0.369327789,-13.912520369,3.865408727
3.256000,0.800000,121.212121,3.863205280,-0.450751090,-13.640746555,3.863205280
3.257000,0.800000,121.212121,3.863205280,-0.450751090,-13.640746555,3.863205280
3.258000,0.800000,121.212121,3.866224873,-0.512996270,-13.385944785,3.866224873
3.259000,0.800000,121.212121,3.883375029,-0.538383494,-13.436995093,3.883375029
3.260000,0.800000,121.212121,3.892086847,-0.497748612,-13.481630231,3.892086847
3.261000,0.800000,121.212121,3.874223333,-0.679668910,-13.853381933,3.874223333
3.262000,0.800000,121.212121,3.871518817,-0.746943285,-13.845692357,3.871518817
3.263000,0.800000,121.212121,3.862870975,-0.805763714,-13.838969082,3.862870975
3.264000,0.800000,121.212121,3.861593038,-0.982856255,-13.707426972,3.861593038
3.265000,0.800000,121.212121,3.877558742,-1.155307533,-13.782327944,3.877558742
3.266000,0.800000,121.212121,3.893284642,-1.225643250,-13.783567276,3.893284642
3.267000,0.800000,121.212121,3.900751182,-1.098644760,-13.847482721,3.900751182
3.268000,0.800000,121.212121,3.907279448,-0.924773519,-13.777702609,3.907279448
3.269000,0.800000,121.212121,3.894137793,-0.961247141,-13.716691324,3.894137793
3.270000,0.800000,121.212121,3.896154849,-0.903252099,-13.852242061,3.896154849
3.271000,0.800000,121.212121,3.896977522,-0.753934623,-14.033191284,3.896977522
3.272000,0.800000,121.212121,3.903980001,-0.497717229,-13.940074346,3.903980001
3.273000,0.800000,121.212121,3.897536152,-0.462192621,-13.795826973,3.897536152
3.274000,0.800000,121.212121,3.898185245,-0.493964020,-13.732538114,3.898185245
3.275000,0.800000,121.212121,3.910236215,-0.546030996,-13.754484021,3.910236215
3.276000,0.800000,121.212121,3.909289371,-0.504435101,-13.822054176,3.909289371
3.277000,0.800000,121.212121,3.895895142,-0.530898154,-13.943965068,3.895895142
3.278000,0.800000,121.212121,3.896750451,-0.554035761,-13.987724333,3.896750451
3.279000,0.800000,121.212121,3.903781464,-0.511433957,-13.837489087,3.903781464
3.280000,0.800000,121.212121,3.903781464,-0.511433957,-13.837489087,3.903781464
3.281000,0.800000,121.212121,3.903781464,-0.511433957,-13.837489087,3.903781464
3.282000,0.800000,121.212121,3.920797507,-0.441618111,-14.007419449,3.920797507
3.283000,0.800000,121.212121,3.923613807,-0.366478314,-14.101849844,3.923613807
3.284000,0.800000,121.212121,3.914702701,-0.410277528,-14.188600576,3.914702701
3.285000,0.800000,121.212121,3.914702701,-0.410277528,-14.188600576,3.914702701
3.286000,0.800000,121.212121,3.923979796,-0.330731146,-14.145320033,3.923979796
3.287000,0.800000,121.212121,3.927589069,-0.379022481,-13.975280727,3.927589069
3.288000,0.800000,121.212121,3.911895231,-0.421245348,-13.889441044,3.911895231
3.289000,0.800000,121.212121,3.904456725,-0.269666774,-13.751556440,3.904456725
3.290000,0.800000,121.212121,3.915820103,-0.209755328,-13.462759264,3.915820103
3.291000,0.800000,121.212121,3.907888382,-0.273248933,-13.629820486,3.907888382
3.292000,0.800000,121.212121,3.894670206,-0.265931843,-13.775888176,3.894670206
3.293000,0.800000,121.212121,3.895679445,-0.322366099,-13.589441194,3.895679445
3.294000,0.800000,121.212121,3.902845045,-0.560204176,-13.614919389,3.902845045
3.295000,0.800000,121.212121,3.909094415,-0.769373400,-13.711609232,3.909094415
3.296000,0.800000,121.212121,3.914574240,-0.636879618,-13.596071632,3.914574240
3.297000,0.800000,121.212121,3.906799079,-0.521035495,-13.432221063,3.906799079
3.298000,0.800000,121.212121,3.893717788,-0.671076187,-13.414624270,3.893717788
3.299000,0.800000,121.212121,3.894846712,-0.802262209,-13.399238755,3.894846712
3.300000,0.800000,121.212121,3.884919990,-0.962313725,-13.436856822,3.884919990
3.301000,0.800000,121.212121,3.893437663,-0.931238053,-13.481509335,3.893437663
3.302000,0.800000,121.212121,3.900884973,-0.904067464,-13.332055088,3.900884973
3.303000,0.800000,121.212121,3.907396427,-0.880311233,-13.138549963,3.907396427
3.304000,0.800000,121.212121,3.913089627,-0.859540298,-12.969361410,3.913089627
3.305000,0.800000,121.212121,3.920840509,-0.888332737,-12.880590725,3.920840509
3.306000,0.800000,121.212121,3.905994720,-0.929385642,-12.743818285,3.905994720
3.307000,0.800000,121.212121,3.905580879,-0.965279688,-12.687065030,3.905580879
3.308000,0.800000,121.212121,3.892652672,-0.933831302,-12.574611746,3.892652672
3.309000,0.800000,121.212121,3.868782701,-0.969166689,-12.350626053,3.868782701
3.310000,0.800000,121.212121,3.853218191,-1.082010500,-12.117117632,3.853218191
3.311000,0.800000,121.212121,3.853218191,-1.082010500,-12.117117632,3.853218191
3.312000,0.800000,121.212121,3.841319683,-1.113339357,-12.087626003,3.841319683
3.313000,0.800000,121.212121,3.849033147,-1.000453391,-12.113332302,3.849033147
3.314000,0.800000,121.212121,3.843210938,-0.964584947,-12.072976399,3.843210938
3.315000,0.800000,121.212121,3.844656733,-1.133444093,-12.187441011,3.844656733
3.316000,0.800000,121.212121,3.839384480,-1.080863544,-12.326267892,3.839384480
3.317000,0.800000,121.212121,3.841057943,-1.034890462,-12.259153714,3.841057943
3.318000,0.800000,121.212121,3.848804298,-0.994694528,-12.137641499,3.848804298
3.319000,0.800000,121.212121,3.843010847,-0.959549764,-12.219894519,3.843010847
3.320000,0.800000,121.212121,3.857070142,-0.799977860,-12.582331149,3.857070142
3.321000,0.800000,121.212121,3.869087530,-0.789301914,-12.420207260,3.869087530
3.322000,0.800000,121.212121,3.873311583,-0.779967547,-12.341288312,3.873311583
3.323000,0.800000,121.212121,3.877004826,-0.708974318,-12.209454759,3.877004826
3.324000,0.800000,121.212121,3.892800333,-0.709734214,-12.219851605,3.892800333
3.325000,0.800000,121.212121,3.877072421,-0.710979533,-12.291826129,3.877072421
3.326000,0.800000,121.212121,3.867726693,-0.711487446,-12.354703736,3.867726693
3.327000,0.800000,121.212121,3.872121754,-0.774763387,-12.472511763,3.872121754
3.328000,0.800000,121.212121,3.863398144,-0.830087838,-12.512683744,3.863398144
3.329000,0.800000,121.212121,3.849487591,-0.815628161,-12.422143859,3.849487591
3.330000,0.800000,121.212121,3.862021379,-0.682059298,-12.446471265,3.862021379
3.331000,0.800000,121.212121,3.862021379,-0.682059298,-12.446471265,3.862021379
3.332000,0.800000,121.212121,3.862021379,-0.682059298,-12.446471265,3.862021379
3.333000,0.800000,121.212121,3.862021379,-0.682059298,-12.446471265,3.862021379
3.334000,0.800000,121.212121,3.859024395,-0.702661653,-12.389256343,3.859024395
3.335000,0.800000,121.212121,3.845758318,-0.540764306,-12.005194023,3.845758318
3.336000,0.800000,121.212121,3.852914006,-0.562662096,-11.789931618,3.852914006
3.337000,0.800000,121.212121,3.846604114,-0.518976275,-11.664551737,3.846604114
3.338000,0.800000,121.212121,3.841087146,-0.732107589,-11.743423117,3.841087146
3.339000,0.800000,121.212121,3.836263460,-0.729960473,-12.000878785,3.836263460
3.340000,0.800000,121.212121,3.840135205,-0.734337462,-11.896788939,3.840135205
3.341000,0.800000,121.212121,3.835431144,-0.920405691,-11.946476531,3.835431144
3.342000,0.800000,121.212121,3.837601398,-1.020260043,-12.115583902,3.837601398
3.343000,0.800000,121.212121,3.833215745,-0.981902622,-12.200608760,3.833215745
3.344000,0.800000,121.212121,3.835664394,-1.011197189,-12.337780934,3.835664394
3.345000,0.800000,121.212121,3.816123636,-0.760837235,-12.319146996,3.816123636
3.346000,0.800000,121.212121,3.808153773,-0.692247992,-12.504255068,3.808153773
3.347000,0.800000,121.212121,3.801185432,-0.695109780,-12.540438068,3.801185432
3.348000,0.800000,121.212121,3.795092758,-0.760443799,-12.320746765,3.795092758
3.349000,0.800000,121.212121,3.796048898,-0.817567703,-12.191494539,3.796048898
3.350000,0.800000,121.212121,3.803109437,-1.146718415,-12.223107688,3.803109437
3.351000,0.800000,121.212121,3.803058171,-1.092469766,-12.231788856,3.803058171
3.352000,0.800000,121.212121,3.815579718,-0.982206350,-12.176547264,3.815579718
3.353000,0.800000,121.212121,3.813961391,-1.137126456,-12.065415681,3.813961391
3.354000,0.800000,121.212121,3.825112799,-1.272578727,-12.093913012,3.825112799
3.355000,0.800000,121.212121,3.843387729,-1.078422022,-12.431086659,3.843387729
3.356000,0.800000,121.212121,3.843387729,-1.078422022,-12.431086659,3.843387729
3.357000,0.800000,121.212121,3.843387729,-1.078422022,-12.431086659,3.843387729
3.358000,0.800000,121.212121,3.843387729,-1.078422022,-12.431086659,3.843387729
3.359000,0.800000,121.212121,3.829988055,-0.885397861,-12.387620124,3.829988055
3.360000,0.800000,121.212121,3.818067466,-0.963036081,-12.310206775,3.818067466
3.361000,0.800000,121.212121,3.850935492,-0.872898371,-12.558202863,3.850935492
3.362000,0.800000,121.212121,3.863723783,-0.664563404,-12.461942877,3.863723783
3.363000,0.800000,121.212121,3.854054879,-0.739279930,-12.359128157,3.854054879
3.364000,0.800000,121.212121,3.854054879,-0.739279930,-12.359128157,3.854054879
3.365000,0.800000,121.212121,3.872585660,-0.733566167,-12.170657670,3.872585660
3.366000,0.800000,121.212121,3.857520569,-0.731235761,-11.997434343,3.857520569
3.367000,0.800000,121.212121,3.838065428,-0.729198202,-11.845978901,3.838065428
3.368000,0.800000,121.212121,3.836808696,-0.733754733,-11.896141583,3.836808696
3.369000,0.800000,121.212121,3.836808696,-0.733754733,-11.896141583,3.836808696
3.370000,0.800000,121.212121,3.816998414,-0.964878398,-12.154233824,3.816998414
3.371000,0.800000,121.212121,3.827768179,-0.933480440,-12.234401791,3.827768179
3.372000,0.800000,121.212121,3.837184575,-0.906028065,-12.304495553,3.837184575
3.373000,0.800000,121.212121,3.858899352,-0.625503061,-11.995333624,3.858899352
3.374000,0.800000,121.212121,3.858899352,-0.625503061,-11.995333624,3.858899352
3.375000,0.800000,121.212121,3.851945912,-0.654483535,-11.900445547,3.851945912
3.376000,0.800000,121.212121,3.845757674,-0.724922798,-12.012505489,3.845757674
3.377000,0.800000,121.212121,3.840347072,-0.786510403,-12.236147269,3.840347072
3.378000,0.800000,121.212121,3.835616387,-0.714694974,-12.243189835,3.835616387
3.379000,0.800000,121.212121,3.837763363,-0.966063404,-11.998019994,3.837763363
3.380000,0.800000,121.212121,3.837763363,-0.966063404,-11.998019994,3.837763363
3.381000,0.800000,121.212121,3.837763363,-0.966063404,-11.998019994,3.837763363
3.382000,0.800000,121.212121,3.837763363,-0.966063404,-11.998019994,3.837763363
3.383000,0.800000,121.212121,3.822994911,-0.909545074,-11.645656764,3.822994911
3.384000,0.800000,121.212121,3.833011133,-0.633773094,-11.538406997,3.833011133
3.385000,0.800000,121.212121,3.829202310,-0.455487495,-11.633130191,3.829202310
3.386000,0.800000,121.212121,3.834737210,-0.281081035,-11.662698881,3.834737210
3.387000,0.800000,121.212121,3.830711481,-0.209947881,-11.678971243,3.830711481
3.388000,0.800000,121.212121,3.818620499,-0.038438681,-11.760574566,3.818620499
3.389000,0.800000,121.212121,3.818620499,-0.038438681,-11.760574566,3.818620499
3.390000,0.800000,121.212121,3.832930983,-0.260630148,-11.830853047,3.832930983
3.391000,0.800000,121.212121,3.835415416,-0.317730634,-11.888826388,3.835415416
3.392000,0.800000,121.212121,3.837587647,-0.430487515,-12.002346436,3.837587647
3.393000,0.800000,121.212121,3.852924301,-0.497505496,-11.952847075,3.852924301
3.394000,0.800000,121.212121,3.852924301,-0.497505496,-11.952847075,3.852924301
3.395000,0.800000,121.212121,3.865438188,-0.666506350,-12.032774620,3.865438188
3.396000,0.800000,121.212121,3.876404016,-0.546939223,-12.065373747,3.876404016
3.397000,0.800000,121.212121,3.873425467,-0.379565490,-12.093876347,3.873425467
3.398000,0.800000,121.212121,3.851273801,-0.340809422,-12.187626901,3.851273801
3.399000,0.800000,121.212121,3.851273801,-0.340809422,-12.187626901,3.851273801
3.400000,0.800000,121.212121,3.864966009,-0.428949827,-11.968823605,3.864966009
3.401000,0.800000,121.212121,3.869707988,-0.464898638,-11.820963495,3.869707988
3.402000,0.800000,121.212121,3.867570887,-0.370666283,-11.817347740,3.867570887
3.403000,0.800000,121.212121,3.852291802,-0.145510739,-12.046958285,3.852291802
3.404000,0.800000,121.212121,3.852291802,-0.145510739,-12.046958285,3.852291802
3.405000,0.800000,121.212121,3.846894678,-0.358274244,-12.222487270,3.846894678
3.406000,0.800000,121.212121,3.847624382,-0.528768117,-12.294078255,3.847624382
3.407000,0.800000,121.212121,3.841979203,-0.489341540,-12.482336559,3.841979203
3.408000,0.800000,121.212121,3.826444698,-0.487561107,-12.492486414,3.826444698
3.409000,0.800000,121.212121,3.826444698,-0.487561107,-12.492486414,3.826444698
3.410000,0.800000,121.212121,3.809075511,-0.603968054,-12.570973149,3.809075511
3.411000,0.800000,121.212121,3.808274526,-0.743587133,-12.598772108,3.808274526
3.412000,0.800000,121.212121,3.808274526,-0.743587133,-12.598772108,3.808274526
3.413000,0.800000,121.212121,3.794649693,-0.521273493,-12.504012605,3.794649693
3.414000,0.800000,121.212121,3.794649693,-0.521273493,-12.504012605,3.794649693
3.415000,0.800000,121.212121,3.796546178,-0.684676127,-12.524848337,3.796546178
3.416000,0.800000,121.212121,3.797319676,-0.562825718,-12.746939069,3.797319676
3.417000,0.800000,121.212121,3.810562343,-0.519119336,-12.878289204,3.810562343
3.418000,0.800000,121.212121,3.825981245,-0.675133668,-12.496810041,3.825981245
3.419000,0.800000,121.212121,3.825981245,-0.675133668,-12.496810041,3.825981245
3.420000,0.800000,121.212121,3.837768440,-0.566760640,-12.456510384,3.837768440
3.421000,0.800000,121.212121,3.839644980,-0.585391634,-12.498693157,3.839644980
3.422000,0.800000,121.212121,3.847568893,-0.538849535,-12.472743234,3.847568893
3.423000,0.800000,121.212121,3.858975467,-0.352703993,-12.783520562,3.858975467
3.424000,0.800000,121.212121,3.858975467,-0.352703993,-12.783520562,3.858975467
3.425000,0.800000,121.212121,3.844931346,-0.202506753,-12.667794559,3.844931346
3.426000,0.800000,121.212121,3.820775028,-0.329743093,-12.557762874,3.820775028
3.427000,0.800000,121.212121,3.818503838,-0.315326738,-12.587221884,3.818503838
3.428000,0.800000,121.212121,3.803005010,-0.409469233,-12.329235736,3.803005010
3.429000,0.800000,121.212121,3.803005010,-0.409469233,-12.329235736,3.803005010
3.430000,0.800000,121.212121,3.809216702,-0.292942219,-12.563941913,3.809216702
3.431000,0.800000,121.212121,3.827247531,-0.157486691,-12.718288149,3.827247531
3.432000,0.800000,121.212121,3.843012539,0.023778846,-12.727574958,3.843012539
3.433000,0.800000,121.212121,3.843012539,0.023778846,-12.727574958,3.843012539
3.434000,0.800000,121.212121,3.833517830,0.391564389,-12.742794184,3.833517830
3.435000,0.800000,121.212121,3.827049037,0.295732062,-12.707388247,3.827049037
3.436000,0.800000,121.212121,3.836555803,0.168717038,-12.718044779,3.836555803
3.437000,0.800000,121.212121,3.826018357,0.057663193,-12.538866612,3.826018357
3.438000,0.800000,121.212121,3.830162469,-0.143623939,-12.062635102,3.830162469
3.439000,0.800000,121.212121,3.839277989,-0.089764153,-11.965818144,3.839277989
3.440000,0.800000,121.212121,3.828398464,-0.168336293,-11.881167564,3.828398464
3.441000,0.800000,121.212121,3.806319729,-0.362698474,-11.807154489,3.806319729
3.442000,0.800000,121.212121,3.793690698,-0.437787534,-11.803629867,3.793690698
3.443000,0.800000,121.212121,3.782256655,-0.409793914,-11.802192320,3.782256655
3.444000,0.800000,121.212121,3.778542642,-0.259654369,-11.675271714,3.778542642
3.445000,0.800000,121.212121,3.781578531,-0.128381917,-11.689964128,3.781578531
3.446000,0.800000,121.212121,3.784232918,-0.202101206,-11.702810239,3.784232918
3.447000,0.800000,121.212121,3.783089312,0.046183039,-11.590303059,3.783089312
3.448000,0.800000,121.212121,3.785553850,-0.049472729,-11.490009243,3.785553850
3.449000,0.800000,121.212121,3.787708684,-0.321603599,-11.465150573,3.787708684
3.450000,0.800000,121.212121,3.777026363,-0.371041935,-11.569079442,3.777026363
3.451000,0.800000,121.212121,3.773969608,-0.477099520,-11.534284517,3.773969608
3.452000,0.800000,121.212121,3.781526567,-0.705842887,-11.595030609,3.781526567
3.453000,0.800000,121.212121,3.784187484,-0.644164437,-11.431310858,3.784187484
3.454000,0.800000,121.212121,3.780230836,-0.653068583,-11.413828445,3.780230836
3.455000,0.800000,121.212121,3.780230836,-0.653068583,-11.413828445,3.780230836
3.456000,0.800000,121.212121,3.780230836,-0.653068583,-11.413828445,3.780230836
3.457000,0.800000,121.212121,3.756476260,-0.722596870,-11.330242091,3.756476260
3.458000,0.800000,121.212121,3.765521422,-1.003653559,-10.971223455,3.765521422
3.459000,0.800000,121.212121,3.770193606,-1.030214823,-10.634566211,3.770193606
3.460000,0.800000,121.212121,3.761712295,-1.116270153,-10.465878271,3.761712295
3.461000,0.800000,121.212121,3.766863147,-1.128679598,-10.444051988,3.766863147
3.462000,0.800000,121.212121,3.757463068,-1.260279512,-10.007156825,3.757463068
3.463000,0.800000,121.212121,3.769431080,-1.317424061,-9.917311473,3.769431080
3.464000,0.800000,121.212121,3.779895146,-1.304555761,-10.090083833,3.779895146
3.465000,0.800000,121.212121,3.782761074,-1.167640833,-10.241144978,3.782761074
3.466000,0.800000,121.212121,3.752127351,-0.896224128,-10.496599704,3.752127351
3.467000,0.800000,121.212121,3.745916312,-0.999117226,-10.533744705,3.745916312
3.468000,0.800000,121.212121,3.734202591,-1.026248542,-10.440558221,3.734202591
3.469000,0.800000,121.212121,3.717677673,-1.112802290,-10.421913750,3.717677673
3.470000,0.800000,121.212121,3.715795709,-1.125647520,-10.531275918,3.715795709
3.471000,0.800000,121.212121,3.718205162,-1.264466308,-10.286467061,3.718205162
3.472000,0.800000,121.212121,3.722540097,-1.321084728,-10.224354403,3.722540097
3.473000,0.800000,121.212121,3.720047102,-1.307756415,-10.295710758,3.720047102
3.474000,0.800000,121.212121,3.724150572,-1.358934840,-10.420932061,3.724150572
3.475000,0.800000,121.212121,3.721455199,-1.466513848,-10.467585739,3.721455199
3.476000,0.800000,121.212121,3.758651614,-1.517150646,-10.300610068,3.758651614
3.477000,0.800000,121.212121,3.770470268,-1.479183963,-10.299552000,3.770470268
3.478000,0.800000,121.212121,3.768237376,-1.508820167,-10.361458746,3.768237376
3.479000,0.800000,121.212121,3.766285077,-1.534732175,-10.227090502,3.766285077
3.480000,0.800000,121.212121,3.766285077,-1.534732175,-10.227090502,3.766285077
3.481000,0.800000,121.212121,3.790236829,-1.483651792,-9.530538657,3.790236829
3.482000,0.800000,121.212121,3.810443122,-1.836515568,-9.717830740,3.810443122
3.483000,0.800000,121.212121,3.809470278,-1.695584452,-9.727175029,3.809470278
3.484000,0.800000,121.212121,3.802336500,-1.572363263,-9.672513227,3.802336500
3.485000,0.800000,121.212121,3.814988836,-1.605964392,-9.881301351,3.814988836
3.486000,0.800000,121.212121,3.814988836,-1.605964392,-9.881301351,3.814988836
3.487000,0.800000,121.212121,3.806601103,-1.568819391,-10.033016662,3.806601103
3.488000,0.800000,121.212121,3.806111061,-1.335864262,-10.128417226,3.806111061
3.489000,0.800000,121.212121,3.811965786,-1.195014992,-10.211829402,3.811965786
3.490000,0.800000,121.212121,3.808994138,-1.262559071,-10.238652957,3.808994138
3.491000,0.800000,121.212121,3.820769750,-1.445080868,-10.119716944,3.820769750
3.492000,0.800000,121.212121,3.831065594,-1.416170740,-9.952895017,3.831065594
3.493000,0.800000,121.212121,3.846350810,-1.453725419,-9.869868405,3.846350810
3.494000,0.800000,121.212121,3.859715229,-1.486560838,-9.734443371,3.859715229
3.495000,0.800000,121.212121,3.840792818,-1.595307700,-9.928644714,3.840792818
3.496000,0.800000,121.212121,3.848572490,-1.547519512,-10.037161044,3.848572490
3.497000,0.800000,121.212121,3.849091353,-1.505736565,-9.880713398,3.849091353
3.498000,0.800000,121.212121,3.849545015,-1.280708658,-9.806757395,3.849545015
3.499000,0.800000,121.212121,3.849941668,-1.209622298,-9.804926831,3.849941668
3.500000,0.800000,121.212121,3.826248529,-1.446430022,-9.927590609,3.826248529
3.501000,0.800000,121.212121,3.823289519,-1.480182208,-9.910575696,3.823289519
3.502000,0.800000,121.212121,3.820702349,-1.509692969,-9.770035233,3.820702349
3.503000,0.800000,121.212121,3.831006664,-1.472663445,-9.709987459,3.831006664
3.504000,0.800000,121.212121,3.831006664,-1.472663445,-9.709987459,3.831006664
3.505000,0.800000,121.212121,3.831006664,-1.472663445,-9.709987459,3.831006664
3.506000,0.800000,121.212121,3.831006664,-1.472663445,-9.709987459,3.831006664
3.507000,0.800000,121.212121,3.845521356,-1.881588788,-9.869747107,3.845521356
3.508000,0.800000,121.212121,3.852706821,-1.797825457,-9.985664729,3.852706821
3.509000,0.800000,121.212121,3.846422964,-1.661756284,-9.898520153,3.846422964
3.510000,0.800000,121.212121,3.853395397,-1.501597942,-9.692875748,3.853395397
3.511000,0.800000,121.212121,3.847025011,-1.402753816,-9.768187827,3.847025011
3.512000,0.800000,121.212121,3.841455152,-1.316330810,-9.645540352,3.841455152
3.513000,0.800000,121.212121,3.855434777,-1.303599891,-9.538305213,3.855434777
3.514000,0.800000,121.212121,3.855091300,-1.103973228,-9.444545639,3.855091300
3.515000,0.800000,121.212121,3.838047560,-1.075192902,-9.471492302,3.838047560
3.516000,0.800000,121.212121,3.839889025,-0.904268707,-9.386128686,3.839889025
3.517000,0.800000,121.212121,3.841499085,-0.817655334,-9.374324032,3.841499085
3.518000,0.800000,121.212121,3.836623634,-0.867589824,-9.364002794,3.836623634
3.519000,0.800000,121.212121,3.844927221,-0.974081214,-9.417810414,3.844927221
3.520000,0.800000,121.212121,3.852251955,-0.787399579,-9.325390480,3.852251955
3.521000,0.800000,121.212121,3.846025258,-0.715472414,-9.321218413,3.846025258
3.522000,0.800000,121.212121,3.846864217,-0.589752029,-9.317570624,3.846864217
3.523000,0.800000,121.212121,3.853880934,-0.793989399,-9.440044936,3.853880934
3.524000,0.800000,121.212121,3.860015904,-1.035393398,-9.484296819,3.860015904
3.525000,0.800000,121.212121,3.864576278,-1.431006330,-9.493984963,3.864576278
3.526000,0.800000,121.212121,3.844234490,-1.403864861,-9.405794836,3.844234490
3.527000,0.800000,121.212121,3.820165742,-1.191638530,-9.328687007,3.820165742
3.528000,0.800000,121.212121,3.811687932,-0.880417641,-9.324100687,3.811687932
3.529000,0.800000,121.212121,3.810558661,-0.922465187,-9.382922554,3.810558661
3.530000,0.800000,121.212121,3.810558661,-0.922465187,-9.382922554,3.810558661
3.531000,0.800000,121.212121,3.810558661,-0.922465187,-9.382922554,3.810558661
3.532000,0.800000,121.212121,3.832777047,-0.878249328,-9.697977675,3.832777047
3.533000,0.800000,121.212121,3.828997640,-0.857737500,-9.521321215,3.828997640
3.534000,0.800000,121.212121,3.831976352,-0.902635116,-9.555359619,3.831976352
3.535000,0.800000,121.212121,3.842351482,-0.787717782,-9.611141765,3.842351482
3.536000,0.800000,121.212121,3.849935286,-0.841414336,-9.571061133,3.849935286
3.537000,0.800000,121.212121,3.856566081,-0.888363182,-9.410353476,3.856566081
3.538000,0.800000,121.212121,3.856080441,-0.929412262,-9.332672791,3.856080441
3.539000,0.800000,121.212121,3.855655828,-1.153798522,-9.327585603,3.855655828
3.540000,0.800000,121.212121,3.854959971,-1.395859074,-9.130753158,3.854959971
3.541000,0.800000,121.212121,3.860959346,-1.435966192,-9.025376232,3.860959346
3.542000,0.800000,121.212121,3.866204817,-1.345369595,-9.058905068,3.866204817
3.543000,0.800000,121.212121,3.864507937,-1.203325849,-9.088220546,3.864507937
3.544000,0.800000,121.212121,3.875590664,-1.141963700,-9.113852133,3.875590664
3.545000,0.800000,121.212121,3.863126682,-1.276939440,-9.155857183,3.863126682
3.546000,0.800000,121.212121,3.861816612,-1.457654146,-9.235821152,3.861816612
3.547000,0.800000,121.212121,3.873237541,-1.678491426,-9.305736553,3.873237541
3.548000,0.800000,121.212121,3.870656903,-1.683081916,-9.304034272,3.870656903
3.549000,0.800000,121.212121,3.862117372,-1.687095547,-9.428209612,3.862117372
3.550000,0.800000,121.212121,3.877959577,-1.575905065,-9.623812506,3.877959577
3.551000,0.800000,121.212121,3.887351921,-1.530555084,-9.707803328,3.887351921
3.552000,0.800000,121.212121,3.882997618,-1.428072096,-9.844071405,3.882997618
3.553000,0.800000,121.212121,3.885473678,-1.464131207,-10.026047384,3.885473678
3.554000,0.800000,121.212121,3.881355401,-1.495658996,-10.247987440,3.881355401
3.555000,0.800000,121.212121,3.881355401,-1.495658996,-10.247987440,3.881355401
3.556000,0.800000,121.212121,3.881355401,-1.495658996,-10.247987440,3.881355401
3.557000,0.800000,121.212121,3.871163371,-1.892105610,-10.458044190,3.871163371
3.558000,0.800000,121.212121,3.896651719,-1.771772671,-10.646619966,3.896651719
3.559000,0.800000,121.212121,3.903695139,-1.764641093,-10.664912865,3.903695139
3.560000,0.800000,121.212121,3.908954713,-1.933553738,-10.867595464,3.908954713
3.561000,0.800000,121.212121,3.908168908,-2.094587711,-11.046615323,3.908168908
3.562000,0.800000,121.212121,3.907481850,-2.046890000,-11.265970735,3.907481850
3.563000,0.800000,121.212121,3.913164316,-1.879522453,-11.332097427,3.913164316
3.564000,0.800000,121.212121,3.943545314,-1.556204098,-10.965560076,3.943545314
3.565000,0.800000,121.212121,3.945701920,-1.884083508,-10.916829545,3.945701920
3.566000,0.800000,121.212121,3.959147881,-1.862838534,-10.901166907,3.959147881
3.567000,0.800000,121.212121,3.964620987,-1.969926989,-10.824640641,3.964620987
3.568000,0.800000,121.212121,3.979083932,-2.200359745,-10.824893083,3.979083932
3.569000,0.800000,121.212121,3.979083932,-2.200359745,-10.824893083,3.979083932
3.570000,0.800000,121.212121,3.972869913,-2.031108897,-10.997790258,3.972869913
3.571000,0.800000,121.212121,3.970335472,-2.117051874,-10.909121944,3.970335472
3.572000,0.800000,121.212121,3.980685890,-2.443522351,-10.768764165,3.980685890
3.573000,0.800000,121.212121,3.985081786,-2.790046690,-10.946986040,3.985081786
3.574000,0.800000,121.212121,3.985081786,-2.790046690,-10.946986040,3.985081786
3.575000,0.800000,121.212121,3.988442289,-2.419071458,-10.376622104,3.988442289
3.576000,0.800000,121.212121,3.977667781,-2.456261622,-10.303180229,3.977667781
3.577000,0.800000,121.212121,3.961964052,-2.488778332,-10.301799185,3.961964052
3.578000,0.800000,121.212121,3.961964052,-2.488778332,-10.301799185,3.961964052
3.579000,0.800000,121.212121,3.961964052,-2.488778332,-10.301799185,3.961964052
3.580000,0.800000,121.212121,3.960571950,-2.133826488,-10.291640246,3.960571950
3.581000,0.800000,121.212121,3.960571950,-2.133826488,-10.291640246,3.960571950
3.582000,0.800000,121.212121,4.002874208,-1.854403604,-10.533767286,4.002874208
3.583000,0.800000,121.212121,4.020893511,-1.578142337,-10.406139645,4.020893511
3.584000,0.800000,121.212121,4.020893511,-1.578142337,-10.406139645,4.020893511
3.585000,0.800000,121.212121,4.051939038,-1.618277970,-10.387196134,4.051939038
3.586000,0.800000,121.212121,4.064601220,-1.630435105,-10.438089193,4.064601220
3.587000,0.800000,121.212121,4.063105854,-1.641064530,-10.356923136,4.063105854
3.588000,0.800000,121.212121,4.021001989,-1.436956164,-10.232488756,4.021001989
3.589000,0.800000,121.212121,4.024985464,-1.534730723,-10.428486624,4.024985464
3.590000,0.800000,121.212121,4.028468361,-1.683050421,-10.725518379,4.028468361
3.591000,0.800000,121.212121,4.037796769,-1.812731717,-10.922392171,4.037796769
3.592000,0.800000,121.212121,4.030320131,-1.962421603,-10.828893067,4.030320131
3.593000,0.800000,121.212121,4.039415839,-2.182659786,-10.635785294,4.039415839
3.594000,0.800000,121.212121,4.053651732,-2.312390170,-10.592607865,4.053651732
3.595000,0.800000,121.212121,4.059815505,-2.551481860,-10.743351831,4.059815505
3.596000,0.800000,121.212121,4.071487900,-2.572032842,-10.686657192,4.071487900
3.597000,0.800000,121.212121,4.067063020,-2.542879944,-10.829282049,4.067063020
3.598000,0.800000,121.212121,4.065258295,-2.501680022,-10.698957248,4.065258295
3.599000,0.800000,121.212121,4.076246730,-2.339993729,-10.647841397,4.076246730
3.600000,0.800000,121.212121,4.085854316,-2.387121093,-10.540317100,4.085854316
3.601000,0.800000,121.212121,4.094254578,-2.491158112,-10.446304705,4.094254578
3.602000,0.800000,121.212121,4.096244127,-2.488949811,-10.292237169,4.096244127
3.603000,0.800000,121.212121,4.096244127,-2.488949811,-10.292237169,4.096244127
3.604000,0.800000,121.212121,4.096244127,-2.488949811,-10.292237169,4.096244127
3.605000,0.800000,121.212121,4.127601856,-2.432325476,-10.355057966,4.127601856
3.606000,0.800000,121.212121,4.145290523,-2.074878947,-10.646513930,4.145290523
3.607000,0.800000,121.212121,4.147036070,-1.872351496,-10.782802605,4.147036070
3.608000,0.800000,121.212121,4.154031191,-1.852580811,-10.595486730,4.154031191
3.609000,0.800000,121.212121,4.147580909,-1.772462730,-10.431709662,4.147580909
3.610000,0.800000,121.212121,4.141941193,-1.765244437,-10.414177133,4.141941193
3.611000,0.800000,121.212121,4.143293370,-1.758933222,-10.336015954,4.143293370
3.612000,0.800000,121.212121,4.140015701,-1.575886208,-10.396420953,4.140015701
3.613000,0.800000,121.212121,4.131226856,-1.671489410,-10.544575053,4.131226856
3.614000,0.800000,121.212121,4.121359066,-1.802623505,-10.512859441,4.121359066
3.615000,0.800000,121.212121,4.112731299,-1.854446950,-10.485129330,4.112731299
3.616000,0.800000,121.212121,4.127639333,-1.813711520,-10.667325579,4.127639333
3.617000,0.800000,121.212121,4.118222365,-1.738477898,-10.683016534,4.118222365
3.618000,0.800000,121.212121,4.103705582,-1.735530265,-10.696735705,4.103705582
3.619000,0.800000,121.212121,4.116145773,-1.795784896,-10.645899022,4.116145773
3.620000,0.800000,121.212121,4.133305869,-1.911299559,-10.789946223,4.133305869
3.621000,0.800000,121.212121,4.125307863,-1.857173290,-11.080946983,4.125307863
3.622000,0.800000,121.212121,4.122467060,-1.902141807,-11.295988151,4.122467060
3.623000,0.800000,121.212121,4.113700059,-1.941459414,-11.421174597,4.113700059
3.624000,0.800000,121.212121,4.099751565,-1.787340666,-11.279302237,4.099751565
3.625000,0.800000,121.212121,4.093839077,-1.589757197,-11.092426231,4.093839077
3.626000,0.800000,121.212121,4.107703294,-1.454452919,-11.508573288,4.107703294
3.627000,0.800000,121.212121,4.107074747,-1.424365064,-11.732709204,4.107074747
3.628000,0.800000,121.212121,4.112808371,-1.523721867,-11.740183810,4.112808371
3.629000,0.800000,121.212121,4.117821486,-1.610593126,-11.746719130,4.117821486
3.630000,0.800000,121.212121,4.115921450,-1.686547821,-11.626769491,4.115921450
3.631000,0.800000,121.212121,4.136361274,-1.811022393,-11.728563891,4.136361274
3.632000,0.800000,121.212121,4.144697830,-1.861790403,-11.862223118,4.144697830
3.633000,0.800000,121.212121,4.139420412,-1.780515011,-12.167581792,4.139420412
3.634000,0.800000,121.212121,4.128522989,-1.646621133,-12.246072403,4.128522989
3.635000,0.800000,121.212121,4.112711792,-1.466721002,-12.126204034,4.112711792
3.636000,0.800000,121.212121,4.116637187,-1.171900624,-11.874827551,4.116637187
3.637000,0.800000,121.212121,4.110536169,-1.160861691,-11.784593046,4.110536169
3.638000,0.800000,121.212121,4.103268447,-1.230499451,-11.848379589,4.103268447
3.639000,0.800000,121.212121,4.115701276,-1.281789977,-11.646649411,4.115701276
3.640000,0.800000,121.212121,4.115701276,-1.281789977,-11.646649411,4.115701276
3.641000,0.800000,121.212121,4.129909774,-1.564431465,-11.516121011,4.129909774
3.642000,0.800000,121.212121,4.126490678,-1.646187005,-11.613644746,4.126490678
3.643000,0.800000,121.212121,4.129784424,-1.717668841,-11.824576992,4.129784424
3.644000,0.800000,121.212121,4.134392648,-1.481509223,-11.989652935,4.134392648
3.645000,0.800000,121.212121,4.134392648,-1.481509223,-11.989652935,4.134392648
3.646000,0.800000,121.212121,4.126928235,-1.183205685,-12.060911373,4.126928235
3.647000,0.800000,121.212121,4.117600625,-1.124371911,-12.027142878,4.117600625
3.648000,0.800000,121.212121,4.109445158,-1.198595112,-12.060449711,4.109445158
3.649000,0.800000,121.212121,4.096079975,-1.336023480,-11.997264934,4.096079975
3.650000,0.800000,121.212121,4.096079975,-1.336023480,-11.997264934,4.096079975
3.651000,0.800000,121.212121,4.096079975,-1.336023480,-11.997264934,4.096079975
3.652000,0.800000,121.212121,4.096079975,-1.336023480,-11.997264934,4.096079975
3.653000,0.800000,121.212121,4.102395267,-1.579386221,-12.127278914,4.102395267
3.654000,0.800000,121.212121,4.107961007,-1.603437507,-11.812817405,4.107961007
3.655000,0.800000,121.212121,4.107961007,-1.603437507,-11.812817405,4.107961007
3.656000,0.800000,121.212121,4.119288569,-1.441223972,-12.043495007,4.119288569
3.657000,0.800000,121.212121,4.136053729,-1.475630369,-12.200410677,4.136053729
3.658000,0.800000,121.212121,4.144428932,-1.568544984,-12.086280330,4.144428932
3.659000,0.800000,121.212121,4.129106995,-1.618836822,-12.017011511,4.129106995
3.660000,0.800000,121.212121,4.129106995,-1.618836822,-12.017011511,4.129106995
3.661000,0.800000,121.212121,4.134664346,-1.688532239,-12.089721702,4.134664346
3.662000,0.800000,121.212121,4.136930959,-1.691860963,-12.240828354,4.136930959
3.663000,0.800000,121.212121,4.138912740,-1.757603240,-12.247282677,4.138912740
3.664000,0.800000,121.212121,4.112323695,-1.566973801,-12.375628048,4.112323695
3.665000,0.800000,121.212121,4.112323695,-1.566973801,-12.375628048,4.112323695
3.666000,0.800000,121.212121,4.116340501,-1.664676196,-12.301039265,4.116340501
3.667000,0.800000,121.212121,4.133476127,-1.796666465,-12.299927262,4.133476127
3.668000,0.800000,121.212121,4.142175241,-1.723574788,-12.298954998,4.142175241
3.669000,0.800000,121.212121,4.121100944,-1.666623983,-12.360193505,4.121100944
3.670000,0.800000,121.212121,4.121100944,-1.666623983,-12.360193505,4.121100944
3.671000,0.800000,121.212121,4.121471255,-1.795791337,-12.454048622,4.121471255
3.672000,0.800000,121.212121,4.112829390,-1.659977779,-12.622204456,4.112829390
3.673000,0.800000,121.212121,4.124123049,-1.541231056,-12.580733645,4.124123049
3.674000,0.800000,121.212121,4.124571114,-1.582164942,-12.457835101,4.124571114
3.675000,0.800000,121.212121,4.124571114,-1.582164942,-12.457835101,4.124571114
3.676000,0.800000,121.212121,4.124571114,-1.582164942,-12.457835101,4.124571114
3.677000,0.800000,121.212121,4.124571114,-1.582164942,-12.457835101,4.124571114
3.678000,0.800000,121.212121,4.148038750,-1.582443226,-12.313763702,4.148038750
3.679000,0.800000,121.212121,4.166407409,-1.425174601,-12.481386564,4.166407409
3.680000,0.800000,121.212121,4.166407409,-1.425174601,-12.481386564,4.166407409
3.681000,0.800000,121.212121,4.145119181,-1.501339649,-12.154247476,4.145119181
3.682000,0.800000,121.212121,4.139788815,-1.591023540,-12.171581874,4.139788815
3.683000,0.800000,121.212121,4.141411468,-1.669437422,-12.249569820,4.141411468
3.684000,0.800000,121.212121,4.155847474,-2.096310008,-12.267504147,4.155847474
3.685000,0.800000,121.212121,4.155847474,-2.096310008,-12.267504147,4.155847474
3.686000,0.800000,121.212121,4.159810527,-2.234143154,-12.571686508,4.159810527
3.687000,0.800000,121.212121,4.158917177,-2.043244682,-12.599395823,4.158917177
3.688000,0.800000,121.212121,4.150380402,-1.557696027,-12.597765369,4.150380402
3.689000,0.800000,121.212121,4.140729433,-1.657583671,-12.879095477,4.140729433
3.690000,0.800000,121.212121,4.148517070,-1.727633360,-13.056670201,4.148517070
3.691000,0.800000,121.212121,4.155326083,-1.914544051,-13.086266521,4.155326083
3.692000,0.800000,121.212121,4.148713080,-2.140798705,-13.174975511,4.148713080
3.693000,0.800000,121.212121,4.161429293,-1.969785262,-13.092711463,4.161429293
3.694000,0.800000,121.212121,4.166615709,-1.874938835,-13.054946851,4.166615709
3.695000,0.800000,121.212121,4.164867195,-1.792011162,-12.959096027,4.164867195
3.696000,0.800000,121.212121,4.163338406,-1.719504488,-13.000953880,4.163338406
3.697000,0.800000,121.212121,4.155718544,-1.844604830,-13.163215425,4.155718544
3.698000,0.800000,121.212121,4.155797484,-1.986787449,-13.130761788,4.155797484
3.699000,0.800000,121.212121,4.155797484,-1.986787449,-13.130761788,4.155797484
3.700000,0.800000,121.212121,4.155797484,-1.986787449,-13.130761788,4.155797484
3.701000,0.800000,121.212121,4.155797484,-1.986787449,-13.130761788,4.155797484
3.702000,0.800000,121.212121,4.180147917,-1.838208570,-13.292923792,4.180147917
3.703000,0.800000,121.212121,4.190953710,-1.691425524,-13.229919159,4.190953710
3.704000,0.800000,121.212121,4.179863607,-1.568726961,-13.363408079,4.179863607
3.705000,0.800000,121.212121,4.182733499,-1.587110860,-13.794281551,4.182733499
3.706000,0.800000,121.212121,4.178959563,-1.477520864,-13.856850601,4.178959563
3.707000,0.800000,121.212121,4.181943060,-1.381702353,-13.911556993,4.181943060
3.708000,0.800000,121.212121,4.175055613,-1.279611123,-13.828505648,4.175055613
3.709000,0.800000,121.212121,4.178529695,-1.271494536,-13.949605824,4.178529695
3.710000,0.800000,121.212121,4.194133581,-1.452893470,-13.929824397,4.194133581
3.711000,0.800000,121.212121,4.195210255,-1.737160847,-13.724033219,4.195210255
3.712000,0.800000,121.212121,4.189868444,-1.860042426,-13.544102522,4.189868444
3.713000,0.800000,121.212121,4.189868444,-1.860042426,-13.544102522,4.189868444
3.714000,0.800000,121.212121,4.194123896,-1.631353366,-13.114167464,4.194123896
3.715000,0.800000,121.212121,4.188918601,-1.516203692,-13.136538464,4.188918601
3.716000,0.800000,121.212121,4.190650608,-1.415524154,-13.156098242,4.190650608
3.717000,0.800000,121.212121,4.204731336,-1.264664526,-13.110368213,4.204731336
3.718000,0.800000,121.212121,4.209746848,-1.260867460,-13.208130021,4.209746848
3.719000,0.800000,121.212121,4.215144685,-1.380769978,-13.344357045,4.215144685
3.720000,0.800000,121.212121,4.219864211,-1.485605101,-13.463465276,4.219864211
3.721000,0.800000,121.212121,4.223990663,-1.514434401,-13.441942219,4.223990663
3.722000,0.800000,121.212121,4.221315385,-1.602472757,-13.485955682,4.221315385
3.723000,0.800000,121.212121,4.217720707,-1.267782264,-13.196885205,4.217720707
3.724000,0.800000,121.212121,4.222116520,-1.261152136,-13.271693441,4.222116520
3.725000,0.800000,121.212121,4.219676754,-1.506682586,-13.211437291,4.219676754
3.726000,0.800000,121.212121,4.211260392,-1.532863211,-13.284416857,4.211260392
3.727000,0.800000,121.212121,4.210184847,-1.367258323,-13.411057394,4.210184847
3.728000,0.800000,121.212121,4.208422244,-1.386337205,-13.273187554,4.208422244
3.729000,0.800000,121.212121,4.201420166,-1.364809024,-13.401239207,4.201420166
3.730000,0.800000,121.212121,4.201581180,-1.471649860,-13.450367561,4.201581180
3.731000,0.800000,121.212121,4.208005146,-1.565064680,-13.430490412,4.208005146
3.732000,0.800000,121.212121,4.207338667,-1.646740648,-13.413111098,4.207338667
3.733000,0.800000,121.212121,4.199963256,-1.725655075,-13.266861853,4.199963256
3.734000,0.800000,121.212121,4.206590536,-1.787150659,-13.395708417,4.206590536
3.735000,0.800000,121.212121,4.206101823,-1.778086626,-13.445531791,4.206101823
3.736000,0.800000,121.212121,4.205674523,-1.895825320,-13.237766763,4.205674523
3.737000,0.800000,121.212121,4.205300919,-1.935936680,-13.244605818,4.205300919
3.738000,0.800000,121.212121,4.216465459,-1.938839334,-13.428517854,4.216465459
3.739000,0.800000,121.212121,4.218184488,-1.780086481,-13.515878610,4.218184488
3.740000,0.800000,121.212121,4.235088391,-1.771910159,-13.550600952,4.235088391
3.741000,0.800000,121.212121,4.232953722,-1.931214994,-13.128536161,4.232953722
3.742000,0.800000,121.212121,4.232953722,-1.931214994,-13.128536161,4.232953722
3.743000,0.800000,121.212121,4.243098647,-1.825357436,-13.222018763,4.243098647
3.744000,0.800000,121.212121,4.250588560,-1.748660345,-13.105173064,4.250588560
3.745000,0.800000,121.212121,4.250854077,-1.744433148,-13.065842481,4.250854077
3.746000,0.800000,121.212121,4.258361959,-1.918105493,-13.181987388,4.258361959
3.747000,0.800000,121.212121,4.258361959,-1.918105493,-13.181987388,4.258361959
3.748000,0.800000,121.212121,4.251367457,-2.018248897,-13.195835885,4.251367457
3.749000,0.800000,121.212121,4.251367457,-2.018248897,-13.195835885,4.251367457
3.750000,0.800000,121.212121,4.251367457,-2.018248897,-13.195835885,4.251367457
3.751000,0.800000,121.212121,4.252471235,-1.703396158,-13.218530807,4.252471235
3.752000,0.800000,121.212121,4.235967512,-1.390448846,-13.188020207,4.235967512
3.753000,0.800000,121.212121,4.234415347,-1.529729230,-13.503028217,4.234415347
3.754000,0.800000,121.212121,4.234415347,-1.529729230,-13.503028217,4.234415347
3.755000,0.800000,121.212121,4.232439204,-1.510540357,-13.571136294,4.232439204
3.756000,0.800000,121.212121,4.249778070,-1.213294625,-13.686034317,4.249778070
3.757000,0.800000,121.212121,4.249778070,-1.213294625,-13.686034317,4.249778070
3.758000,0.800000,121.212121,4.255960255,-1.512069236,-13.828805884,4.255960255
3.759000,0.800000,121.212121,4.249267559,-1.474741102,-13.698540919,4.249267559
3.760000,0.800000,121.212121,4.243415893,-1.379271906,-13.584645533,4.243415893
3.761000,0.800000,121.212121,4.240109366,-1.403416840,-13.570697937,4.240109366
3.762000,0.800000,121.212121,4.240109366,-1.403416840,-13.570697937,4.240109366
3.763000,0.800000,121.212121,4.236792076,-1.476810941,-13.442267480,4.236792076
3.764000,0.800000,121.212121,4.232508125,-1.506745348,-13.486240070,4.232508125
3.765000,0.800000,121.212121,4.228762511,-1.721413645,-13.399023195,4.228762511
3.766000,0.800000,121.212121,4.222624198,-1.892612229,-13.130428452,4.222624198
3.767000,0.800000,121.212121,4.222624198,-1.892612229,-13.130428452,4.222624198
3.768000,0.800000,121.212121,4.229708481,-1.913615036,-13.050761159,4.229708481
3.769000,0.800000,121.212121,4.226314681,-1.825827168,-13.081100031,4.226314681
3.770000,0.800000,121.212121,4.223347358,-1.937566609,-13.170458261,4.223347358
3.771000,0.800000,121.212121,4.218484509,-2.065749061,-13.497498426,4.218484509
3.772000,0.800000,121.212121,4.218484509,-2.065749061,-13.497498426,4.218484509
3.773000,0.800000,121.212121,4.221050221,-1.794644491,-13.331372923,4.221050221
3.774000,0.800000,121.212121,4.225027635,-1.784638756,-13.200785375,4.225027635
3.775000,0.800000,121.212121,4.228505233,-1.713058526,-13.086607941,4.228505233
3.776000,0.800000,121.212121,4.227921135,-1.713520849,-13.017261958,4.227921135
3.777000,0.800000,121.212121,4.227921135,-1.713520849,-13.017261958,4.227921135
3.778000,0.800000,121.212121,4.246324169,-1.713874278,-13.089913160,4.246324169
3.779000,0.800000,121.212121,4.246324169,-1.713874278,-13.089913160,4.246324169
3.780000,0.800000,121.212121,4.246324169,-1.713874278,-13.089913160,4.246324169
3.781000,0.800000,121.212121,4.242877332,-1.846377138,-13.203576803,4.242877332
3.782000,0.800000,121.212121,4.242877332,-1.846377138,-13.203576803,4.242877332
3.783000,0.800000,121.212121,4.238908087,-1.744710586,-13.452088821,4.238908087
3.784000,0.800000,121.212121,4.234358230,-1.552484171,-13.306331666,4.234358230
3.785000,0.800000,121.212121,4.230380125,-1.635741052,-13.304554601,4.230380125
3.786000,0.800000,121.212121,4.230143991,-1.827118620,-13.168082956,4.230143991
3.787000,0.800000,121.212121,4.230143991,-1.827118620,-13.168082956,4.230143991
3.788000,0.800000,121.212121,4.234667523,-1.808611363,-13.087442354,4.234667523
3.789000,0.800000,121.212121,4.230650551,-1.985346058,-13.113171731,4.230650551
3.790000,0.800000,121.212121,4.227138367,-2.077039764,-13.072836006,4.227138367
3.791000,0.800000,121.212121,4.203322611,-1.991771385,-12.951797640,4.203322611
3.792000,0.800000,121.212121,4.203322611,-1.991771385,-12.951797640,4.203322611
3.793000,0.800000,121.212121,4.203176311,-1.753882592,-13.024076681,4.203176311
3.794000,0.800000,121.212121,4.203116642,-1.748999148,-12.932105117,4.203116642
3.795000,0.800000,121.212121,4.190498100,-1.807561229,-12.788859188,4.190498100
3.796000,0.800000,121.212121,4.187878818,-1.785764759,-12.852475622,4.187878818
3.797000,0.800000,121.212121,4.187878818,-1.785764759,-12.852475622,4.187878818
3.798000,0.800000,121.212121,4.203146891,-2.240174234,-12.720508217,4.203146891
3.799000,0.800000,121.212121,4.203146891,-2.240174234,-12.720508217,4.203146891
3.800000,0.800000,121.212121,4.203146891,-2.240174234,-12.720508217,4.203146891
3.801000,0.800000,121.212121,4.197548363,-2.053649955,-12.564687723,4.197548363
3.802000,0.800000,121.212121,4.210538909,-1.973890720,-12.500504741,4.210538909
3.803000,0.800000,121.212121,4.220469713,-1.850085806,-12.694870894,4.220469713
3.804000,0.800000,121.212121,4.220469713,-1.850085806,-12.694870894,4.220469713
3.805000,0.800000,121.212121,4.222567838,-1.818273266,-12.717793106,4.222567838
3.806000,0.800000,121.212121,4.217888594,-1.801849409,-12.680380141,4.217888594
3.807000,0.800000,121.212121,4.215980125,-1.790938277,-12.757262464,4.215980125
3.808000,0.800000,121.212121,4.201745110,-1.781398278,-12.635987910,4.201745110
3.809000,0.800000,121.212121,4.195582105,-1.773057112,-12.718448726,4.195582105
3.810000,0.800000,121.212121,4.196476752,-1.765764127,-12.790547210,4.196476752
3.811000,0.800000,121.212121,4.197942899,-2.177843985,-12.673166178,4.197942899
3.812000,0.800000,121.212121,4.185974509,-2.308179541,-12.688123181,4.185974509
3.813000,0.800000,121.212121,4.169226925,-2.233641088,-12.701200633,4.169226925
3.814000,0.800000,121.212121,4.173433462,-2.231301267,-12.586971017,4.173433462
3.815000,0.800000,121.212121,4.177111389,-2.166423623,-12.612759624,4.177111389
3.816000,0.800000,121.212121,4.176855592,-2.122933977,-12.772790022,4.176855592
3.817000,0.800000,121.212121,4.180103481,-2.134506022,-12.900891630,4.180103481
3.818000,0.800000,121.212121,4.189226414,-1.956128321,-13.012895516,4.189226414
3.819000,0.800000,121.212121,4.190919741,-2.051493635,-13.236488284,4.190919741
3.820000,0.800000,121.212121,4.167267536,-2.323370550,-13.243487997,4.167267536
3.821000,0.800000,121.212121,4.152849470,-2.344890901,-13.082254936,4.152849470
3.822000,0.800000,121.212121,4.140264502,-2.202907310,-12.982972477,4.140264502
3.823000,0.800000,121.212121,4.122977822,-2.267261462,-12.958998073,4.122977822
3.824000,0.800000,121.212121,4.122977822,-2.267261462,-12.958998073,4.122977822
3.825000,0.800000,121.212121,4.122977822,-2.267261462,-12.958998073,4.122977822
3.826000,0.800000,121.212121,4.122977822,-2.267261462,-12.958998073,4.122977822
3.827000,0.800000,121.212121,4.123250402,-2.333369746,-13.273482762,4.123250402
3.828000,0.800000,121.212121,4.133234519,-2.318497652,-13.338665465,4.133234519
3.829000,0.800000,121.212121,4.110248257,-2.279996151,-13.290293323,4.110248257
3.830000,0.800000,121.212121,4.110248257,-2.279996151,-13.290293323,4.110248257
3.831000,0.800000,121.212121,4.108470719,-1.974220036,-13.165076407,4.108470719
3.832000,0.800000,121.212121,4.107745734,-2.004480025,-12.992554442,4.107745734
3.833000,0.800000,121.212121,4.100828669,-1.905273726,-12.904544079,4.100828669
3.834000,0.800000,121.212121,4.089492980,-1.679862566,-12.760312676,4.089492980
3.835000,0.800000,121.212121,4.089492980,-1.679862566,-12.760312676,4.089492980
3.836000,0.800000,121.212121,4.075333638,-1.750975587,-12.767820989,4.075333638
3.837000,0.800000,121.212121,4.072489597,-1.809289301,-12.708051465,4.072489597
3.838000,0.800000,121.212121,4.076286133,-1.734611392,-12.718624654,4.076286133
3.839000,0.800000,121.212121,4.064447911,-1.745788605,-13.081360383,4.064447911
3.840000,0.800000,121.212121,4.064447911,-1.745788605,-13.081360383,4.064447911
3.841000,0.800000,121.212121,4.055398017,-1.550046256,-12.903378050,4.055398017
3.842000,0.800000,121.212121,4.042492789,-1.507945788,-13.015069483,4.042492789
3.843000,0.800000,121.212121,4.043775651,-1.596799528,-12.987061650,4.043775651
3.844000,0.800000,121.212121,4.027818017,-1.915117250,-12.634898825,4.027818017
3.845000,0.800000,121.212121,4.027818017,-1.915117250,-12.634898825,4.027818017
3.846000,0.800000,121.212121,4.015618981,-2.166355359,-12.554178598,4.015618981
3.847000,0.800000,121.212121,4.013995719,-2.298134618,-12.458424316,4.013995719
3.848000,0.800000,121.212121,4.012576443,-2.287690300,-12.437534724,4.012576443
3.849000,0.800000,121.212121,3.999263299,-2.325510320,-12.403300857,3.999263299
3.850000,0.800000,121.212121,3.999695353,-2.437289577,-12.326506431,3.999695353
3.851000,0.800000,121.212121,4.000073113,-2.723517797,-12.322194130,4.000073113
3.852000,0.800000,121.212121,4.025035360,-2.996197432,-12.315127130,4.025035360
3.853000,0.800000,121.212121,4.042538962,-2.639498122,-12.246892811,4.042538962
3.854000,0.800000,121.212121,4.031249651,-2.523324949,-12.189753199,4.031249651
3.855000,0.800000,121.212121,4.033945366,-2.233254968,-12.328289522,4.033945366
3.856000,0.800000,121.212121,4.023735958,-2.168131814,-12.512248711,4.023735958
3.857000,0.800000,121.212121,4.021092687,-2.174024131,-12.547427200,4.021092687
3.858000,0.800000,121.212121,4.010477709,-2.003080586,-12.487309693,4.010477709
3.859000,0.800000,121.212121,4.003217333,-2.092545705,-12.651285818,4.003217333
3.860000,0.800000,121.212121,4.015718879,-2.233600158,-12.668992389,4.015718879
3.861000,0.800000,121.212121,4.026649435,-2.231265480,-12.872969445,4.026649435
3.862000,0.800000,121.212121,4.023640046,-2.166392333,-12.862818430,4.023640046
3.863000,0.800000,121.212121,4.013214641,-2.052182521,-13.262318864,4.013214641
3.864000,0.800000,121.212121,3.986760777,-1.946981749,-13.391736317,3.986760777
3.865000,0.800000,121.212121,3.976197573,-1.792169044,-13.316395134,3.976197573
3.866000,0.800000,121.212121,3.973244967,-1.845306235,-13.187689750,3.973244967
3.867000,0.800000,121.212121,3.951813840,-1.766102305,-13.075157961,3.951813840
3.868000,0.800000,121.212121,3.952022910,-1.746175222,-12.898636522,3.952022910
3.869000,0.800000,121.212121,3.945824996,-1.742260315,-13.010923793,3.945824996
3.870000,0.800000,121.212121,3.934122749,-1.738837370,-12.920605070,3.934122749
3.871000,0.800000,121.212121,3.923891050,-1.861508271,-12.841636132,3.923891050
3.872000,0.800000,121.212121,3.923891050,-1.861508271,-12.841636132,3.923891050
3.873000,0.800000,121.212121,3.923891050,-1.861508271,-12.841636132,3.923891050
3.874000,0.800000,121.212121,3.904601915,-2.067538920,-12.405491808,3.904601915
3.875000,0.800000,121.212121,3.910646284,-1.834744700,-12.516917618,3.910646284
3.876000,0.800000,121.212121,3.883877610,-1.934130129,-12.535254127,3.883877610
3.877000,0.800000,121.212121,3.883877610,-1.934130129,-12.535254127,3.883877610
3.878000,0.800000,121.212121,3.888311309,-1.874626438,-12.595771841,3.888311309
3.879000,0.800000,121.212121,3.877553260,-1.791738022,-12.557622651,3.877553260
3.880000,0.800000,121.212121,3.868147108,-1.719265671,-12.461435576,3.868147108
3.881000,0.800000,121.212121,3.882569092,-1.600497965,-12.712044412,3.882569092
3.882000,0.800000,121.212121,3.882569092,-1.600497965,-12.712044412,3.882569092
3.883000,0.800000,121.212121,3.881027809,-1.572536188,-12.903625833,3.881027809
3.884000,0.800000,121.212121,3.871185032,-1.590441406,-13.015286128,3.871185032
3.885000,0.800000,121.212121,3.862579135,-1.731760293,-13.112914777,3.862579135
3.886000,0.800000,121.212121,3.878312578,-1.664985823,-13.037372586,3.878312578
3.887000,0.800000,121.212121,3.878312578,-1.664985823,-13.037372586,3.878312578
3.888000,0.800000,121.212121,3.877773857,-1.668875317,-13.089495643,3.877773857
3.889000,0.800000,121.212121,3.893472725,-1.549010496,-12.989303290,3.893472725
3.890000,0.800000,121.212121,3.900915629,-1.569872039,-13.153028891,3.900915629
3.891000,0.800000,121.212121,3.883276273,-1.596164258,-13.366406279,3.883276273
3.892000,0.800000,121.212121,3.883276273,-1.596164258,-13.366406279,3.883276273
3.893000,0.800000,121.212121,3.882357992,-1.451455202,-13.537421283,3.882357992
3.894000,0.800000,121.212121,3.891197615,-1.484575905,-13.695100200,3.891197615
3.895000,0.800000,121.212121,3.891197615,-1.484575905,-13.695100200,3.891197615
3.896000,0.800000,121.212121,3.891197615,-1.484575905,-13.695100200,3.891197615
3.897000,0.800000,121.212121,3.891197615,-1.484575905,-13.695100200,3.891197615
3.898000,0.800000,121.212121,3.915618837,-1.758121139,-13.708479428,3.915618837
3.899000,0.800000,121.212121,3.926561964,-1.627041357,-13.593335131,3.926561964
3.900000,0.800000,121.212121,3.917280382,-1.512433547,-13.555492147,3.917280382
3.901000,0.800000,121.212121,3.917280382,-1.512433547,-13.555492147,3.917280382
3.902000,0.800000,121.212121,3.917280382,-1.512433547,-13.555492147,3.917280382
3.903000,0.800000,121.212121,3.903611688,-1.477000269,-13.660766137,3.903611688
3.904000,0.800000,121.212121,3.909780492,-1.381247178,-13.614449523,3.909780492
3.905000,0.800000,121.212121,3.921457288,-1.297526775,-13.762448785,3.921457288
3.906000,0.800000,121.212121,3.933520469,-0.916894030,-13.879326307,3.933520469
3.907000,0.800000,121.212121,3.933520469,-0.916894030,-13.879326307,3.933520469
3.908000,0.800000,121.212121,3.914484683,-0.869345744,-14.039402496,3.914484683
3.909000,0.800000,121.212121,3.906720776,-0.849952773,-14.196832445,3.906720776
3.910000,0.800000,121.212121,3.893649326,-0.832996794,-14.271647311,3.893649326
3.911000,0.800000,121.212121,3.873017397,-1.040745377,-14.449190101,3.873017397
3.912000,0.800000,121.212121,3.873017397,-1.040745377,-14.449190101,3.873017397
3.913000,0.800000,121.212121,3.892575438,-1.152521194,-14.702683188,3.892575438
3.914000,0.800000,121.212121,3.912697470,-1.411702612,-14.776762827,3.912697470
3.915000,0.800000,121.212121,3.930290892,-1.449818772,-14.841533345,3.930290892
3.916000,0.800000,121.212121,3.958333429,-1.221811331,-14.759183726,3.958333429
3.917000,0.800000,121.212121,3.958333429,-1.221811331,-14.759183726,3.958333429
3.918000,0.800000,121.212121,3.975066889,-1.275148223,-14.712021778,3.975066889
3.919000,0.800000,121.212121,3.978539553,-1.204760608,-14.722096043,3.978539553
3.920000,0.800000,121.212121,3.978539553,-1.204760608,-14.722096043,3.978539553
3.921000,0.800000,121.212121,3.978539553,-1.204760608,-14.722096043,3.978539553
3.922000,0.800000,121.212121,3.978539553,-1.204760608,-14.722096043,3.978539553
3.923000,0.800000,121.212121,3.971664186,-0.861769006,-14.620837728,3.971664186
3.924000,0.800000,121.212121,3.985857070,-0.890810855,-14.879013247,3.985857070
3.925000,0.800000,121.212121,3.981690615,-0.868720498,-14.553943480,3.981690615
3.926000,0.800000,121.212121,3.965481362,-0.849406098,-14.583882449,3.965481362
3.927000,0.800000,121.212121,3.977823605,-1.104204034,-14.679287643,3.977823605
3.928000,0.800000,121.212121,3.980949850,-1.432289018,-14.756307254,3.980949850
3.929000,0.800000,121.212121,3.996249611,-1.781977480,-14.823648295,3.996249611
3.930000,0.800000,121.212121,4.021322862,-2.001742950,-15.106711002,4.021322862
3.931000,0.800000,121.212121,4.031549200,-1.777216896,-15.130019009,4.031549200
3.932000,0.800000,121.212121,4.027924089,-1.580905618,-15.150398046,4.027924089
3.933000,0.800000,121.212121,4.024754522,-1.472095396,-15.293879883,4.024754522
3.934000,0.800000,121.212121,4.021983254,-1.439790522,-15.482163115,4.021983254
3.935000,0.800000,121.212121,4.030008071,-1.559553480,-15.719994184,4.030008071
3.936000,0.800000,121.212121,4.026576623,-1.453426446,-15.917562166,4.026576623
3.937000,0.800000,121.212121,4.023576384,-1.360635729,-16.027471170,4.023576384
3.938000,0.800000,121.212121,4.014669980,-1.279505437,-16.249232308,4.014669980
3.939000,0.800000,121.212121,4.019449159,-1.208570279,-16.380294266,4.019449159
3.940000,0.800000,121.212121,4.026491710,-1.092321723,-16.367438273,4.026491710
3.941000,0.800000,121.212121,4.029785326,-1.044908764,-16.546477884,4.029785326
3.942000,0.800000,121.212121,4.026381869,-1.003453893,-16.640186862,4.026381869
3.943000,0.800000,121.212121,4.035972474,-0.904376541,-16.596456315,4.035972474
3.944000,0.800000,121.212121,4.031791517,-0.943413323,-16.683884818,4.031791517
3.945000,0.800000,121.212121,4.031791517,-0.943413323,-16.683884818,4.031791517
3.946000,0.800000,121.212121,4.031791517,-0.943413323,-16.683884818,4.031791517
3.947000,0.800000,121.212121,4.031791517,-0.943413323,-16.683884818,4.031791517
3.948000,0.800000,121.212121,4.024004504,-1.413022737,-16.559735641,4.024004504
3.949000,0.800000,121.212121,4.015044302,-1.325309300,-16.588946746,4.015044302
3.950000,0.800000,121.212121,3.971313098,-1.181564497,-16.511154207,3.971313098
3.951000,0.800000,121.212121,3.968974292,-1.060105107,-16.734965794,3.968974292
3.952000,0.800000,121.212121,3.968974292,-1.060105107,-16.734965794,3.968974292
3.953000,0.800000,121.212121,3.965141458,-0.868953112,-16.858316551,3.965141458
3.954000,0.800000,121.212121,3.963578204,-0.975273186,-16.850006872,3.963578204
3.955000,0.800000,121.212121,3.965720391,-0.851142652,-17.016988845,3.965720391
3.956000,0.800000,121.212121,3.964084386,-0.771205296,-17.051571671,3.964084386
3.957000,0.800000,121.212121,3.962653967,-0.575649458,-17.081808691,3.962653967
3.958000,0.800000,121.212121,3.967686486,-0.593163450,-17.108246015,3.967686486
3.959000,0.800000,121.212121,3.965803414,-0.671308422,-17.005697421,3.965803414
3.960000,0.800000,121.212121,3.987060608,-0.854308592,-17.018240635,3.987060608
3.961000,0.800000,121.212121,3.995309283,-0.962468951,-16.989834303,3.995309283
3.962000,0.800000,121.212121,4.002521399,-0.994205625,-17.027829470,4.002521399
3.963000,0.800000,121.212121,4.015110399,-1.084786005,-17.061050023,4.015110399
3.964000,0.800000,121.212121,4.013551047,-1.226815571,-17.027264105,4.013551047
3.965000,0.800000,121.212121,4.010995582,-1.051333422,-16.673527836,4.010995582
3.966000,0.800000,121.212121,4.003670129,-1.134734910,-16.688439392,4.003670129
3.967000,0.800000,121.212121,3.997265219,-1.019160300,-16.638645254,3.997265219
3.968000,0.800000,121.212121,3.991665174,-1.043772929,-16.720772138,3.991665174
3.969000,0.800000,121.212121,3.986768851,-1.128124497,-16.729746800,3.986768851
3.970000,0.800000,121.212121,3.986768851,-1.128124497,-16.729746800,3.986768851
3.971000,0.800000,121.212121,3.986768851,-1.128124497,-16.729746800,3.986768851
3.972000,0.800000,121.212121,3.986768851,-1.128124497,-16.729746800,3.986768851
3.973000,0.800000,121.212121,3.965909096,-1.119969067,-16.620595608,3.965909096
3.974000,0.800000,121.212121,3.951683007,-1.069081840,-16.516495118,3.951683007
3.975000,0.800000,121.212121,3.940935659,-1.103455862,-16.699199277,3.940935659
3.976000,0.800000,121.212121,3.948697381,-1.117475599,-16.710884865,3.948697381
3.977000,0.800000,121.212121,3.955483736,-1.192565417,-16.595438292,3.955483736
3.978000,0.800000,121.212121,3.960322030,-1.504118187,-16.335516884,3.960322030
3.979000,0.800000,121.212121,3.964020732,-1.498857322,-16.152607703,3.964020732
3.980000,0.800000,121.212121,3.962598312,-1.526021299,-16.107316308,3.962598312
3.981000,0.800000,121.212121,3.967637825,-1.612603603,-16.067716397,3.967637825
3.982000,0.800000,121.212121,3.972044053,-1.688305653,-16.095924611,3.972044053
3.983000,0.800000,121.212121,3.969613393,-1.754494704,-16.120588076,3.969613393
3.984000,0.800000,121.212121,3.971913213,-1.509661268,-16.270878908,3.971913213
3.985000,0.800000,121.212121,3.975782180,-1.409803875,-16.022229556,3.975782180
3.986000,0.800000,121.212121,3.972881773,-1.259663079,-15.930490108,3.972881773
3.987000,0.800000,121.212121,3.976629028,-1.128389531,-15.850278980,3.976629028
3.988000,0.800000,121.212121,3.979905388,-1.264939717,-15.717315626,3.979905388
3.989000,0.800000,121.212121,3.990768306,-1.316014002,-15.734951295,3.990768306
3.990000,0.800000,121.212121,3.992267872,-1.366154748,-15.616480445,3.992267872
3.991000,0.800000,121.212121,3.993578997,-1.409994622,-15.575728935,3.993578997
3.992000,0.800000,121.212121,3.994725362,-1.636820975,-15.540098411,3.994725362
3.993000,0.800000,121.212121,3.989444485,-1.772311634,-15.383281644,3.989444485
3.994000,0.800000,121.212121,3.989444485,-1.772311634,-15.383281644,3.989444485
3.995000,0.800000,121.212121,3.989444485,-1.772311634,-15.383281644,3.989444485
3.996000,0.800000,121.212121,3.989444485,-1.772311634,-15.383281644,3.989444485
3.997000,0.800000,121.212121,3.998538856,-1.560277167,-16.032691866,3.998538856
3.998000,0.800000,121.212121,3.999061946,-1.831050310,-16.065301392,3.999061946
3.999000,0.800000,121.212121,4.012485557,-1.858657485,-15.812478310,4.012485557
4.000000,0.800000,121.212121,4.017539239,-1.903439493,-15.809928835,4.017539239
4.001000,0.800000,121.212121,4.015674671,-1.816930321,-15.744867883,4.015674671
4.002000,0.800000,121.212121,4.014044411,-1.678460360,-15.876478291,4.014044411
4.003000,0.800000,121.212121,4.006335830,-1.808718460,-15.991550047,4.006335830
4.004000,0.800000,121.212121,4.005479809,-2.124162121,-16.172233986,4.005479809
4.005000,0.800000,121.212121,4.011413859,-1.947084273,-16.124476279,4.011413859
4.006000,0.800000,121.212121,4.022885399,-1.792258684,-16.082719983,4.022885399
4.007000,0.800000,121.212121,4.051253282,-1.665086085,-16.142036127,4.051253282
4.008000,0.800000,121.212121,4.051253282,-1.665086085,-16.142036127,4.051253282
4.009000,0.800000,121.212121,4.030350166,-1.759275719,-16.121099904,4.030350166
4.010000,0.800000,121.212121,4.033158914,-1.942210114,-16.016936043,4.033158914
4.011000,0.800000,121.212121,4.043255509,-1.700203419,-16.073872642,4.043255509
4.012000,0.800000,121.212121,4.031876154,-1.764897352,-15.849979827,4.031876154
4.013000,0.800000,121.212121,4.021926770,-1.821461606,-15.717054066,4.021926770
4.014000,0.800000,121.212121,4.019510849,-1.933749639,-15.663664102,4.019510849
4.015000,0.800000,121.212121,4.017398521,-2.094758995,-15.679815172,4.017398521
4.016000,0.800000,121.212121,4.031996825,-2.068148952,-15.714179232,4.031996825
4.017000,0.800000,121.212121,4.031996825,-2.068148952,-15.714179232,4.031996825
4.018000,0.800000,121.212121,4.024307146,-2.157678873,-15.968089679,4.024307146
4.019000,0.800000,121.212121,4.009025727,-2.102052892,-16.008817356,4.009025727
4.020000,0.800000,121.212121,4.008230998,-1.927753372,-15.981595189,4.008230998
4.021000,0.800000,121.212121,4.012422213,-1.822711150,-16.070542883,4.012422213
4.022000,0.800000,121.212121,4.023767040,-1.809178455,-16.286891470,4.023767040
4.023000,0.800000,121.212121,4.027403049,-1.734514475,-16.350389185,4.027403049
4.024000,0.800000,121.212121,4.030582143,-1.732064900,-16.280243835,4.030582143
4.025000,0.800000,121.212121,4.020795370,-1.855586855,-16.344576917,4.020795370
4.026000,0.800000,121.212121,4.022027223,-2.050118981,-16.395069817,4.022027223
4.027000,0.800000,121.212121,4.029252115,-1.790591542,-16.606374011,4.029252115
4.028000,0.800000,121.212121,4.038482034,-1.529767703,-16.692556219,4.038482034
4.029000,0.800000,121.212121,4.040268902,-1.553047367,-16.642244745,4.040268902
4.030000,0.800000,121.212121,4.036124468,-1.654029938,-16.858162188,4.036124468
4.031000,0.800000,121.212121,4.036124468,-1.654029938,-16.858162188,4.036124468
4.032000,0.800000,121.212121,4.029041717,-1.613459452,-17.140991312,4.029041717
4.033000,0.800000,121.212121,4.032014890,-1.563390247,-17.348487088,4.032014890
4.034000,0.800000,121.212121,4.034614443,-1.456781071,-17.404244469,4.034614443
4.035000,0.800000,121.212121,4.043578640,-1.446878436,-17.448579194,4.043578640
4.036000,0.800000,121.212121,4.043578640,-1.446878436,-17.448579194,4.043578640
4.037000,0.800000,121.212121,4.044937828,-1.627803788,-17.411743956,4.044937828
4.038000,0.800000,121.212121,4.045913437,-1.638763874,-17.459552245,4.045913437
4.039000,0.800000,121.212121,4.040483262,-1.648346675,-17.627016473,4.040483262
4.040000,0.800000,121.212121,4.026090673,-1.593323435,-17.720857016,4.026090673
4.041000,0.800000,121.212121,4.026090673,-1.593323435,-17.720857016,4.026090673
4.042000,0.800000,121.212121,4.026075291,-1.150915597,-17.792594729,4.026075291
4.043000,0.800000,121.212121,4.023138051,-1.096139514,-17.792543898,4.023138051
4.044000,0.800000,121.212121,4.020569915,-1.111078650,-17.729667602,4.020569915
4.045000,0.800000,121.212121,4.028138056,-0.900024865,-17.744393935,4.028138056
4.046000,0.800000,121.212121,4.028138056,-0.900024865,-17.744393935,4.028138056
4.047000,0.800000,121.212121,4.015863639,-0.848554192,-17.692819832,4.015863639
4.048000,0.800000,121.212121,4.007926448,-0.894605818,-17.642475232,4.007926448
4.049000,0.800000,121.212121,4.007269859,-0.997702278,-17.598457120,4.007269859
4.050000,0.800000,121.212121,4.034451493,-0.687689009,-17.644088251,4.034451493
4.051000,0.800000,121.212121,4.026183651,-0.647086281,-17.553307899,4.026183651
4.052000,0.800000,121.212121,4.004383238,-0.592791405,-17.394831179,4.004383238
4.053000,0.800000,121.212121,4.004171902,-0.545319424,-17.444764790,4.004171902
4.054000,0.800000,121.212121,4.014812798,-0.538249865,-17.408827982,4.014812798
4.055000,0.800000,121.212121,4.013290844,-0.560463629,-17.331338997,4.013290844
4.056000,0.800000,121.212121,4.018243330,-0.517054076,-17.389251271,4.018243330
4.057000,0.800000,121.212121,4.022573469,-0.479099528,-17.377054221,4.022573469
4.058000,0.800000,121.212121,4.026359466,-0.383082636,-17.303558044,4.026359466
4.059000,0.800000,121.212121,4.026280773,-0.100066424,-17.300880514,4.026280773
4.060000,0.800000,121.212121,4.035884082,-0.051680237,-17.299788461,4.035884082
4.061000,0.800000,121.212121,4.037997418,-0.135038144,-17.424497345,4.037997418
4.062000,0.800000,121.212121,4.046128370,-0.207920987,-17.282207437,4.046128370
4.063000,0.800000,121.212121,4.040671186,-0.145981396,-17.346293765,4.040671186
4.064000,0.800000,121.212121,4.044294321,-0.154347117,-17.498358941,4.044294321
4.065000,0.800000,121.212121,4.044294321,-0.154347117,-17.498358941,4.044294321
4.066000,0.800000,121.212121,4.044294321,-0.154347117,-17.498358941,4.044294321
4.067000,0.800000,121.212121,4.044294321,-0.154347117,-17.498358941,4.044294321
4.068000,0.800000,121.212121,4.044294321,-0.154347117,-17.498358941,4.044294321
4.069000,0.800000,121.212121,4.060260898,-0.105444297,-17.783437785,4.060260898
4.070000,0.800000,121.212121,4.046744583,-0.244877866,-17.658873944,4.046744583
4.071000,0.800000,121.212121,4.047493148,-0.241125989,-17.487131403,4.047493148
4.072000,0.800000,121.212121,4.060714016,-0.175013734,-17.462634373,4.060714016
4.073000,0.800000,121.212121,4.072273502,-0.180041243,-17.441215730,4.072273502
4.074000,0.800000,121.212121,4.073946770,-0.486648225,-17.523882876,4.073946770
4.075000,0.800000,121.212121,4.070915501,-0.319937560,-17.572716972,4.070915501
4.076000,0.800000,121.212121,4.049777103,-0.243921551,-17.725960501,4.049777103
4.077000,0.800000,121.212121,4.033195479,-0.056514643,-17.969200352,4.033195479
4.078000,0.800000,121.212121,4.033195479,-0.056514643,-17.969200352,4.033195479
4.079000,0.800000,121.212121,4.026013042,-0.329384739,-17.872571918,4.026013042
4.080000,0.800000,121.212121,4.029366810,-0.503508975,-17.799639004,4.029366810
4.081000,0.800000,121.212121,4.032299130,-0.592920261,-17.798702964,4.032299130
4.082000,0.800000,121.212121,4.031611001,-0.574638990,-17.797168981,4.031611001
4.083000,0.800000,121.212121,4.031611001,-0.574638990,-17.797168981,4.031611001
4.084000,0.800000,121.212121,4.030295383,-0.599808419,-17.678228283,4.030295383
4.085000,0.800000,121.212121,4.020544645,-0.551454654,-17.692549164,4.020544645
4.086000,0.800000,121.212121,4.037151962,-0.383513496,-17.830734135,4.037151962
4.087000,0.800000,121.212121,4.034531248,-0.296787044,-18.347663917,4.034531248
4.088000,0.800000,121.212121,4.034531248,-0.296787044,-18.347663917,4.034531248
4.089000,0.800000,121.212121,4.026244621,-0.387400622,-18.381638350,4.026244621
4.090000,0.800000,121.212121,4.026244621,-0.387400622,-18.381638350,4.026244621
4.091000,0.800000,121.212121,4.017002917,-0.491402514,-18.307566115,4.017002917
4.092000,0.800000,121.212121,4.017002917,-0.491402514,-18.307566115,4.017002917
4.093000,0.800000,121.212121,4.051703866,-0.344817968,-17.846194526,4.051703866
4.094000,0.800000,121.212121,4.051149271,-0.494846069,-17.417338647,4.051149271
4.095000,0.800000,121.212121,4.057627512,-0.648177821,-17.338780180,4.057627512
4.096000,0.800000,121.212121,4.057008488,-0.593745777,-17.207261808,4.057008488
4.097000,0.800000,121.212121,4.055994032,-0.630206237,-17.117393174,4.055994032
4.098000,0.800000,121.212121,4.055994032,-0.630206237,-17.117393174,4.055994032
4.099000,0.800000,121.212121,4.049724899,-0.477479068,-17.213500351,4.049724899
4.100000,0.800000,121.212121,4.062665318,-0.507329516,-17.160556960,4.062665318
4.101000,0.800000,121.212121,4.067696410,-0.407765139,-17.239930337,4.067696410
4.102000,0.800000,121.212121,4.064164562,-0.071894822,-17.181511889,4.064164562
4.103000,0.800000,121.212121,4.064164562,-0.071894822,-17.181511889,4.064164562
4.104000,0.800000,121.212121,4.042615037,-0.168438139,-17.215476312,4.042615037
4.105000,0.800000,121.212121,4.043882536,-0.425619374,-17.287948320,4.043882536
4.106000,0.800000,121.212121,4.038707571,-0.524818556,-17.288481374,4.038707571
4.107000,0.800000,121.212121,3.995686000,-0.742322369,-17.226523091,3.995686000
4.108000,0.800000,121.212121,3.995686000,-0.742322369,-17.226523091,3.995686000
4.109000,0.800000,121.212121,4.014608817,-0.555292127,-17.116326363,4.014608817
4.110000,0.800000,121.212121,4.013112496,-0.449700591,-16.949930509,4.013112496
4.111000,0.800000,121.212121,4.024370579,-0.545873638,-16.930108281,4.024370579
4.112000,0.800000,121.212121,4.007489922,-0.577818345,-17.015391632,4.007489922
4.113000,0.800000,121.212121,4.007489922,-0.577818345,-17.015391632,4.007489922
4.114000,0.800000,121.212121,4.030705244,-0.539407069,-16.915779170,4.030705244
4.115000,0.800000,121.212121,4.030705244,-0.539407069,-16.915779170,4.030705244
4.116000,0.800000,121.212121,4.030705244,-0.539407069,-16.915779170,4.030705244
4.117000,0.800000,121.212121,4.030705244,-0.539407069,-16.915779170,4.030705244
4.118000,0.800000,121.212121,4.040537113,-0.690022494,-16.680181178,4.040537113
4.119000,0.800000,121.212121,4.067745432,-0.562351243,-16.824331370,4.067745432
4.120000,0.800000,121.212121,4.065854953,-0.518704485,-16.883124248,4.065854953
4.121000,0.800000,121.212121,4.057918853,-0.606206247,-16.997360849,4.057918853
4.122000,0.800000,121.212121,4.068466775,-0.859476495,-16.949035773,4.068466775
4.123000,0.800000,121.212121,4.068466775,-0.859476495,-16.949035773,4.068466775
4.124000,0.800000,121.212121,4.075740713,-0.707684086,-16.904197311,4.075740713
4.125000,0.800000,121.212121,4.079128702,-0.582942412,-17.015785792,4.079128702
4.126000,0.800000,121.212121,4.079128702,-0.582942412,-17.015785792,4.079128702
4.127000,0.800000,121.212121,4.060068511,0.028567169,-17.092642730,4.060068511
4.128000,0.800000,121.212121,4.071709113,-0.127706777,-17.054886755,4.071709113
4.129000,0.800000,121.212121,4.075603728,-0.264342760,-17.021875336,4.075603728
4.130000,0.800000,121.212121,4.072725746,-0.195313000,-16.930180402,4.072725746
4.131000,0.800000,121.212121,4.082775793,-0.134957775,-16.850008192,4.082775793
4.132000,0.800000,121.212121,4.104739429,0.026784236,-17.016989854,4.104739429
4.133000,0.800000,121.212121,4.104483332,-0.066433807,-17.051572553,4.104483332
4.134000,0.800000,121.212121,4.104259418,-0.210769579,-17.018977609,4.104259418
4.135000,0.800000,121.212121,4.091497270,-0.211303876,-16.990478667,4.091497270
4.136000,0.800000,121.212121,4.086622047,-0.023275472,-17.028392860,4.086622047
4.137000,0.800000,121.212121,4.090409332,-0.139166082,-17.255335158,4.090409332
4.138000,0.800000,121.212121,4.079387638,-0.211530193,-17.071470944,4.079387638
4.139000,0.800000,121.212121,4.063467785,-0.149137055,-16.910711788,4.063467785
4.140000,0.800000,121.212121,4.063467785,-0.149137055,-16.910711788,4.063467785
4.141000,0.800000,121.212121,4.063467785,-0.149137055,-16.910711788,4.063467785
4.142000,0.800000,121.212121,4.063467785,-0.149137055,-16.910711788,4.063467785
4.143000,0.800000,121.212121,4.023400041,-0.093877510,-16.989820685,4.023400041
4.144000,0.800000,121.212121,4.033365353,-0.171932751,-16.964985710,4.033365353
4.145000,0.800000,121.212121,4.035795202,-0.303011134,-17.068935296,4.035795202
4.146000,0.800000,121.212121,4.037919707,-0.291954015,-17.222654044,4.037919707
4.147000,0.800000,121.212121,4.023341359,-0.038297562,-17.293968492,4.023341359
4.148000,0.800000,121.212121,4.027030860,0.002326521,-17.168081323,4.027030860
4.149000,0.800000,121.212121,4.030256725,-0.024986222,-17.246509161,4.030256725
4.150000,0.800000,121.212121,4.033077216,0.076796962,-17.377913320,4.033077216
4.151000,0.800000,121.212121,4.014551127,0.123135445,-17.427118441,4.014551127
4.152000,0.800000,121.212121,4.006266490,0.169151030,-17.505210323,4.006266490
4.153000,0.800000,121.212121,4.005818497,0.372201913,-17.604105135,4.005818497
4.154000,0.800000,121.212121,3.999143616,0.298409258,-17.627740605,3.999143616
4.155000,0.800000,121.212121,4.006264805,0.413013881,-17.784242442,4.006264805
4.156000,0.800000,121.212121,4.006264805,0.413013881,-17.784242442,4.006264805
4.157000,0.800000,121.212121,3.986575957,0.320025108,-17.966714309,3.986575957
4.158000,0.800000,121.212121,3.976035979,0.252789184,-18.007614819,3.976035979
4.159000,0.800000,121.212121,3.979386864,0.319666080,-17.980543767,3.979386864
4.160000,0.800000,121.212121,3.997444666,0.492095809,-18.171715765,3.997444666
4.161000,0.800000,121.212121,3.997444666,0.492095809,-18.171715765,3.997444666
4.162000,0.800000,121.212121,3.992399649,0.435416561,-18.325755551,3.992399649
4.163000,0.800000,121.212121,3.993694215,0.479343825,-18.510033167,3.993694215
4.164000,0.800000,121.212121,3.993694215,0.479343825,-18.510033167,3.993694215
4.165000,0.800000,121.212121,3.993694215,0.479343825,-18.510033167,3.993694215
4.166000,0.800000,121.212121,3.993694215,0.479343825,-18.510033167,3.993694215
4.167000,0.800000,121.212121,4.019645008,0.376916202,-18.640355405,4.019645008
4.168000,0.800000,121.212121,4.023799006,0.428194837,-18.785099238,4.023799006
4.169000,0.800000,121.212121,4.021147813,0.347365903,-18.723158465,4.021147813
4.170000,0.800000,121.212121,3.998743048,0.340567133,-18.621649912,3.998743048
4.171000,0.800000,121.212121,3.998743048,0.340567133,-18.621649912,3.998743048
4.172000,0.800000,121.212121,3.981615413,0.625841932,-18.308514236,3.981615413
4.173000,0.800000,121.212121,3.977981981,0.771503344,-18.432126607,3.977981981
4.174000,0.800000,121.212121,3.974805139,0.773196697,-18.351709830,3.974805139
4.175000,0.800000,121.212121,3.957032559,0.838803618,-18.471250209,3.957032559
4.176000,0.800000,121.212121,3.938742014,0.826125890,-18.593883638,3.938742014
4.177000,0.800000,121.212121,3.940496211,0.946618878,-18.618803580,3.940496211
4.178000,0.800000,121.212121,3.935746785,0.926306564,-18.577760136,3.935746785
4.179000,0.800000,121.212121,3.928752992,0.547610354,-18.628266152,3.928752992
4.180000,0.800000,121.212121,3.925479262,0.640270783,-18.460369900,3.925479262
4.181000,0.800000,121.212121,3.922616921,0.721287159,-18.439235820,3.922616921
4.182000,0.800000,121.212121,3.920114273,0.917786423,-18.420757526,3.920114273
4.183000,0.800000,121.212121,3.917926116,1.089592862,-18.467433136,3.917926116
4.184000,0.800000,121.212121,3.890786560,1.245485589,-18.426157115,3.890786560
4.185000,0.800000,121.212121,3.892283833,1.313280283,-18.409322340,3.892283833
4.186000,0.800000,121.212121,3.906159323,1.372555644,-18.394603085,3.906159323
4.187000,0.800000,121.212121,3.924574353,1.298718537,-18.381733506,3.924574353
4.188000,0.800000,121.212121,3.924574353,1.298718537,-18.381733506,3.924574353
4.189000,0.800000,121.212121,3.924574353,1.298718537,-18.381733506,3.924574353
4.190000,0.800000,121.212121,3.918632934,1.468186483,-18.234979131,3.918632934
4.191000,0.800000,121.212121,3.900783669,1.367297492,-17.970381681,3.900783669
4.192000,0.800000,121.212121,3.901024668,1.231289291,-18.136485042,3.901024668
4.193000,0.800000,121.212121,3.894952197,1.112372385,-18.218883386,3.894952197
4.194000,0.800000,121.212121,3.878717444,0.689850968,-18.353917813,3.878717444
4.195000,0.800000,121.212121,3.875448181,0.701805061,-18.408992749,3.875448181
4.196000,0.800000,121.212121,3.885156116,0.649425106,-18.394314912,3.885156116
4.197000,0.800000,121.212121,3.881077746,0.477963703,-18.444313399,3.881077746
4.198000,0.800000,121.212121,3.864945508,0.453712482,-18.676524450,3.864945508
4.199000,0.800000,121.212121,3.873838400,0.413969575,-18.703767911,3.873838400
4.200000,0.800000,121.212121,3.871182256,0.272096388,-18.777711240,3.871182256
4.201000,0.800000,121.212121,3.871182256,0.272096388,-18.777711240,3.871182256
4.202000,0.800000,121.212121,3.866829366,0.039594572,-18.890993904,3.866829366
4.203000,0.800000,121.212121,3.852487632,0.007598588,-18.815746015,3.852487632
4.204000,0.800000,121.212121,3.858821186,-0.099772609,-18.747365925,3.858821186
4.205000,0.800000,121.212121,3.851768975,-0.114255197,-18.690166861,3.851768975
4.206000,0.800000,121.212121,3.839319786,-0.064085996,-18.514491936,3.839319786
4.207000,0.800000,121.212121,3.828435008,-0.083053096,-18.298061121,3.828435008
4.208000,0.800000,121.212121,3.825201237,-0.225300426,-18.234491510,3.825201237
4.209000,0.800000,121.212121,3.831678535,-0.560392041,-18.420785831,3.831678535
4.210000,0.800000,121.212121,3.834320356,-0.265664072,-18.404626031,3.834320356
4.211000,0.800000,121.212121,3.836630195,-0.133636417,-18.202001372,3.836630195
4.212000,0.800000,121.212121,3.838649772,-0.018199847,-18.213334839,3.838649772
4.213000,0.800000,121.212121,3.838649772,-0.018199847,-18.213334839,3.838649772
4.214000,0.800000,121.212121,3.838649772,-0.018199847,-18.213334839,3.838649772
4.215000,0.800000,121.212121,3.838649772,-0.018199847,-18.213334839,3.838649772
4.216000,0.800000,121.212121,3.857298327,0.292757708,-18.058899493,3.857298327
4.217000,0.800000,121.212121,3.850437484,0.291780159,-18.025383818,3.850437484
4.218000,0.800000,121.212121,3.844438801,0.228093599,-17.933247995,3.844438801
4.219000,0.800000,121.212121,3.846384959,0.068787879,-18.088519366,3.846384959
4.220000,0.800000,121.212121,3.847178716,-0.029708497,-18.114113402,3.847178716
4.221000,0.800000,121.212121,3.841589541,-0.052995601,-18.010827490,3.841589541
4.222000,0.800000,121.212121,3.855552279,-0.010524508,-18.234680134,3.855552279
4.223000,0.800000,121.212121,3.867760407,0.026609510,-18.430402625,3.867760407
4.224000,0.800000,121.212121,3.868917534,-0.093135127,-18.688320839,3.868917534
4.225000,0.800000,121.212121,3.866879765,-0.108451806,-18.575709746,3.866879765
4.226000,0.800000,121.212121,3.848921505,-0.157597393,-18.330692729,3.848921505
4.227000,0.800000,121.212121,3.836830140,-0.164813505,-18.388686215,3.836830140
4.228000,0.800000,121.212121,3.832541405,-0.171122812,-18.376560172,3.832541405
4.229000,0.800000,121.212121,3.849066631,-0.244294361,-18.309647524,3.849066631
4.230000,0.800000,121.212121,3.843240214,-0.177783957,-18.307453776,3.843240214
4.231000,0.800000,121.212121,3.844429151,-0.182463349,-18.242703849,3.844429151
4.232000,0.800000,121.212121,3.839185497,-0.249386565,-18.248922491,3.839185497
4.233000,0.800000,121.212121,3.834600780,-0.307899962,-18.380023382,3.834600780
4.234000,0.800000,121.212121,3.830592195,-0.296228495,-18.431817796,3.830592195
4.235000,0.800000,121.212121,3.839653715,-0.223191855,-18.414271678,3.839653715
4.236000,0.800000,121.212121,3.847576530,-0.222165123,-18.336098618,3.847576530
4.237000,0.800000,121.212121,3.847576530,-0.222165123,-18.336098618,3.847576530
4.238000,0.800000,121.212121,3.847576530,-0.222165123,-18.336098618,3.847576530
4.239000,0.800000,121.212121,3.847576530,-0.222165123,-18.336098618,3.847576530
4.240000,0.800000,121.212121,3.843316982,-0.616590604,-18.411017783,3.843316982
4.241000,0.800000,121.212121,3.850779458,-0.566127927,-18.396085472,3.850779458
4.242000,0.800000,121.212121,3.850779458,-0.566127927,-18.396085472,3.850779458
4.243000,0.800000,121.212121,3.840429568,-0.033564577,-18.416569832,3.840429568
4.244000,0.800000,121.212121,3.835688516,0.069296594,-18.463771684,3.835688516
4.245000,0.800000,121.212121,3.844109613,0.033568144,-18.567873829,3.844109613
4.246000,0.800000,121.212121,3.851472484,-0.060502390,-18.407566700,3.851472484
4.247000,0.800000,121.212121,3.857910109,-0.017087966,-18.267404359,3.857910109
4.248000,0.800000,121.212121,3.855893720,-0.118644589,-18.273242325,3.855893720
4.249000,0.800000,121.212121,3.861775756,-0.130755654,-18.401287095,3.861775756
4.250000,0.800000,121.212121,3.873201819,-0.141344798,-18.513241285,3.873201819
4.251000,0.800000,121.212121,3.883192041,-0.213435123,-18.359799484,3.883192041
4.252000,0.800000,121.212121,3.873077298,-0.276466311,-18.351303455,3.873077298
4.253000,0.800000,121.212121,3.851007638,-0.261993816,-18.274548307,3.851007638
4.254000,0.800000,121.212121,3.844937307,-0.256091085,-18.276765256,3.844937307
4.255000,0.800000,121.212121,3.833346611,-0.250930114,-18.404367322,3.833346611
4.256000,0.800000,121.212121,3.829495630,-0.434913249,-18.515934439,3.829495630
4.257000,0.800000,121.212121,3.819845392,-0.470112675,-18.424986060,3.819845392
4.258000,0.800000,121.212121,3.827584184,-0.284365774,-18.213107979,3.827584184
4.259000,0.800000,121.212121,3.824457331,-0.212819848,-18.223045748,3.824457331
4.260000,0.800000,121.212121,3.828006595,-0.213096501,-18.231734700,3.828006595
4.261000,0.800000,121.212121,3.831109845,-0.150506535,-18.239331766,3.831109845
4.262000,0.800000,121.212121,3.831109845,-0.150506535,-18.239331766,3.831109845
4.263000,0.800000,121.212121,3.831109845,-0.150506535,-18.239331766,3.831109845
4.264000,0.800000,121.212121,3.831109845,-0.150506535,-18.239331766,3.831109845
4.265000,0.800000,121.212121,3.818881467,0.043770261,-18.204967686,3.818881467
4.266000,0.800000,121.212121,3.841980971,0.074081397,-18.341592101,3.841980971
4.267000,0.800000,121.212121,3.862177705,0.163415377,-18.523879638,3.862177705
4.268000,0.800000,121.212121,3.847379341,0.427583948,-18.696948793,3.847379341
4.269000,0.800000,121.212121,3.848048141,0.346831780,-18.708917185,3.848048141
4.270000,0.800000,121.212121,3.842349711,0.276227230,-18.782213438,3.842349711
4.271000,0.800000,121.212121,3.831084181,0.277326962,-18.971962718,3.831084181
4.272000,0.800000,121.212121,3.821234320,0.026961085,-18.823708134,3.821234320
4.273000,0.800000,121.212121,3.794894700,0.158461051,-18.635684656,3.794894700
4.274000,0.800000,121.212121,3.795875728,0.111527865,-18.404024315,3.795875728
4.275000,0.800000,121.212121,3.790450292,0.070492476,-18.327138976,3.790450292
4.276000,0.800000,121.212121,3.785706636,-0.028218106,-18.385579040,3.785706636
4.277000,0.800000,121.212121,3.794125456,-0.240188057,-18.311011603,3.794125456
4.278000,0.800000,121.212121,3.807922220,-0.352028421,-18.133874299,3.807922220
4.279000,0.800000,121.212121,3.819832533,-0.397643461,-18.090937013,3.819832533
4.280000,0.800000,121.212121,3.811396595,-0.311862641,-18.241890944,3.811396595
4.281000,0.800000,121.212121,3.804020749,-0.362525062,-18.499539151,3.804020749
4.282000,0.800000,121.212121,3.803854964,-0.532484762,-18.410651065,3.803854964
4.283000,0.800000,121.212121,3.821643264,-0.740287224,-17.903781494,3.821643264
4.284000,0.800000,121.212121,3.819262969,-0.799944078,-17.764094816,3.819262969
4.285000,0.800000,121.212121,3.823464976,-0.789272377,-17.704793537,3.823464976
4.286000,0.800000,121.212121,3.820855757,-0.779941722,-17.590112423,3.820855757
4.287000,0.800000,121.212121,3.806008052,-0.646119885,-17.427010710,3.806008052
4.288000,0.800000,121.212121,3.787958815,-0.552476332,-17.277487605,3.787958815
4.289000,0.800000,121.212121,3.789811433,-0.572902345,-17.153671485,3.789811433
4.290000,0.800000,121.212121,3.785148058,-0.716425256,-17.171078264,3.785148058
4.291000,0.800000,121.212121,3.781070700,-0.716248840,-16.997802084,3.781070700
4.292000,0.800000,121.212121,3.777505719,-0.778926446,-16.909132283,3.777505719
4.293000,0.800000,121.212121,3.759097055,-1.234946590,-16.771715875,3.759097055
4.294000,0.800000,121.212121,3.752010178,-1.420938274,-16.711456906,3.752010178
4.295000,0.800000,121.212121,3.764663419,-1.332230141,-16.595938448,3.764663419
4.296000,0.800000,121.212121,3.775726608,-1.254669401,-16.557768322,3.775726608
4.297000,0.800000,121.212121,3.785399555,-1.312518937,-16.524394794,3.785399555
4.298000,0.800000,121.212121,3.772204362,-1.454363257,-16.296998058,3.772204362
4.299000,0.800000,121.212121,3.769753557,-1.235791110,-16.422057594,3.769753557
4.300000,0.800000,121.212121,3.761327544,-0.981853697,-16.531401686,3.761327544
4.301000,0.800000,121.212121,3.760243561,-1.011154412,-16.627005194,3.760243561
4.302000,0.800000,121.212121,3.759295794,-1.225268650,-16.584931105,3.759295794
4.303000,0.800000,121.212121,3.751459409,-1.521222947,-16.563020563,3.751459409
4.304000,0.800000,121.212121,3.745332307,-1.671240083,-16.340491461,3.745332307
4.305000,0.800000,121.212121,3.746258344,-1.739573656,-16.271589896,3.746258344
4.306000,0.800000,121.212121,3.759634383,-1.736488326,-16.211346757,3.759634383
4.307000,0.800000,121.212121,3.758763168,-1.796622563,-16.158673995,3.758763168
4.308000,0.800000,121.212121,3.757335421,-1.887274883,-16.370721757,3.757335421
4.309000,0.800000,121.212121,3.744186732,-1.677133310,-16.423685047,3.744186732
4.310000,0.800000,121.212121,3.732690356,-1.681894465,-16.344329068,3.732690356
4.311000,0.800000,121.212121,3.735205027,-1.748889170,-16.086449696,3.735205027
4.312000,0.800000,121.212121,3.737403696,-1.493305805,-16.049471961,3.737403696
4.313000,0.800000,121.212121,3.737403696,-1.493305805,-16.049471961,3.737403696
4.314000,0.800000,121.212121,3.737403696,-1.493305805,-16.049471961,3.737403696
4.315000,0.800000,121.212121,3.746448485,-1.266461230,-16.261208967,3.746448485
4.316000,0.800000,121.212121,3.747234259,-1.197165255,-16.265102187,3.747234259
4.317000,0.800000,121.212121,3.748257627,-1.177748535,-15.950378885,3.748257627
4.318000,0.800000,121.212121,3.720257093,-1.241463803,-16.274319507,3.720257093
4.319000,0.800000,121.212121,3.711767804,-1.175309097,-16.402228914,3.711767804
4.320000,0.800000,121.212121,3.716911681,-1.180299490,-16.514064752,3.716911681
4.321000,0.800000,121.212121,3.690011061,-1.369077623,-16.453909621,3.690011061
4.322000,0.800000,121.212121,3.690011061,-1.369077623,-16.453909621,3.690011061
4.323000,0.800000,121.212121,3.699283296,-1.395623678,-16.188178514,3.699283296
4.324000,0.800000,121.212121,3.712279208,-1.561424083,-16.264080864,3.712279208
4.325000,0.800000,121.212121,3.723642006,-1.455061983,-16.393276898,3.723642006
4.326000,0.800000,121.212121,3.736769744,-1.170883407,-16.605003389,3.736769744
4.327000,0.800000,121.212121,3.736769744,-1.170883407,-16.605003389,3.736769744
4.328000,0.800000,121.212121,3.734239056,-1.244111344,-16.711924491,3.734239056
4.329000,0.800000,121.212121,3.736559112,-1.303287644,-16.596347275,3.736559112
4.330000,0.800000,121.212121,3.738587621,-1.417859485,-16.432462067,3.738587621
4.331000,0.800000,121.212121,3.741911943,-1.425019970,-16.454359163,3.741911943
4.332000,0.800000,121.212121,3.741911943,-1.425019970,-16.454359163,3.741911943
4.333000,0.800000,121.212121,3.749946884,-1.501221439,-16.471098704,3.749946884
4.334000,0.800000,121.212121,3.750293036,-1.465256479,-16.511448255,3.750293036
4.335000,0.800000,121.212121,3.744312504,-1.496642862,-16.546727332,3.744312504
4.336000,0.800000,121.212121,3.744312504,-1.496642862,-16.546727332,3.744312504
4.337000,0.800000,121.212121,3.744312504,-1.496642862,-16.546727332,3.744312504
4.338000,0.800000,121.212121,3.744312504,-1.496642862,-16.546727332,3.744312504
4.339000,0.800000,121.212121,3.722751127,-1.149286380,-16.281722592,3.722751127
4.340000,0.800000,121.212121,3.711299365,-0.975685157,-16.310531513,3.711299365
4.341000,0.800000,121.212121,3.698287019,-1.228448708,-16.486811356,3.698287019
4.342000,0.800000,121.212121,3.711103585,-1.452926450,-16.378139213,3.711103585
4.343000,0.800000,121.212121,3.716330930,-1.485862270,-16.241674839,3.716330930
4.344000,0.800000,121.212121,3.727184573,-1.451827400,-16.185190937,3.727184573
4.345000,0.800000,121.212121,3.701778797,-1.458882900,-16.571592879,3.701778797
4.346000,0.800000,121.212121,3.701894744,-1.365406505,-16.662145813,3.701894744
4.347000,0.800000,121.212121,3.720845677,-1.220844847,-16.741319529,3.720845677
4.348000,0.800000,121.212121,3.731131980,-1.282944902,-16.873375836,3.731131980
4.349000,0.800000,121.212121,3.733842483,-1.337241233,-17.051669312,3.733842483
4.350000,0.800000,121.212121,3.708447666,-1.426222075,-17.053384488,3.708447666
4.351000,0.800000,121.212121,3.707725579,-1.462513666,-17.083393703,3.707725579
4.352000,0.800000,121.212121,3.713377417,-1.431412869,-17.172463701,3.713377417
4.353000,0.800000,121.212121,3.718319024,-1.278556606,-17.313172687,3.718319024
4.354000,0.800000,121.212121,3.716356465,-1.144908828,-17.436199660,3.716356465
4.355000,0.800000,121.212121,3.701363421,-1.224254715,-17.237471740,3.701363421
4.356000,0.800000,121.212121,3.707814751,-1.411589979,-17.307179721,3.707814751
4.357000,0.800000,121.212121,3.713455383,-1.386888440,-17.368127939,3.713455383
4.358000,0.800000,121.212121,3.724670378,-1.365290989,-17.358585325,3.724670378
4.359000,0.800000,121.212121,3.715626499,-1.472071259,-17.475905578,3.715626499
4.360000,0.800000,121.212121,3.718075807,-1.584230940,-17.597442500,3.718075807
4.361000,0.800000,121.212121,3.718075807,-1.584230940,-17.597442500,3.718075807
4.362000,0.800000,121.212121,3.718075807,-1.584230940,-17.597442500,3.718075807
4.363000,0.800000,121.212121,3.698297730,-1.652844882,-17.991004662,3.698297730
4.364000,0.800000,121.212121,3.686284750,-1.597826358,-17.966020904,3.686284750
4.365000,0.800000,121.212121,3.688347737,-1.612553519,-18.007008550,3.688347737
4.366000,0.800000,121.212121,3.703505362,-1.581752225,-18.191947138,3.703505362
4.367000,0.800000,121.212121,3.722253899,-1.535667468,-18.204544056,3.722253899
4.368000,0.800000,121.212121,3.732363240,-1.495373892,-18.278389853,3.732363240
4.369000,0.800000,121.212121,3.728635832,-1.460143756,-18.342955912,3.728635832
4.370000,0.800000,121.212121,3.731660010,-1.366508917,-18.336576509,3.731660010
4.371000,0.800000,121.212121,3.736616034,-1.024564560,-18.208353918,3.736616034
4.372000,0.800000,121.212121,3.751203761,-0.860002511,-18.218889099,3.751203761
4.373000,0.800000,121.212121,3.745108784,-0.778951792,-18.353764097,3.745108784
4.374000,0.800000,121.212121,3.733496539,-0.959413619,-18.346026497,3.733496539
4.375000,0.800000,121.212121,3.735909903,-1.242861650,-18.402093085,3.735909903
4.376000,0.800000,121.212121,3.752431294,-1.165576726,-18.666679216,3.752431294
4.377000,0.800000,121.212121,3.746182061,-0.983294566,-18.745283249,3.746182061
4.378000,0.800000,121.212121,3.734434944,-0.823918657,-18.876841460,3.734434944
4.379000,0.800000,121.212121,3.730447199,-0.684570515,-18.803372020,3.730447199
4.380000,0.800000,121.212121,3.726960569,-0.562733378,-18.550639462,3.726960569
4.381000,0.800000,121.212121,3.739306666,-0.653538861,-18.262124991,3.739306666
4.382000,0.800000,121.212121,3.740989907,-0.724096836,-18.328734953,3.740989907
4.383000,0.800000,121.212121,3.736178441,-0.785788234,-18.449806314,3.736178441
4.384000,0.800000,121.212121,3.719405231,-0.839727262,-18.492831546,3.719405231
4.385000,0.800000,121.212121,3.717306175,-0.824056259,-18.781777480,3.717306175
4.386000,0.800000,121.212121,3.713866242,-0.617774739,-19.003974736,3.713866242
4.387000,0.800000,121.212121,3.712463236,-0.692826966,-18.914529257,3.712463236
4.388000,0.800000,121.212121,3.711236538,-0.758447851,-18.647828270,3.711236538
4.389000,0.800000,121.212121,3.710163990,-0.690158867,-18.351810063,3.710163990
4.390000,0.800000,121.212121,3.702886141,-1.091844383,-18.111303163,3.702886141
4.391000,0.800000,121.212121,3.709146121,-0.981659555,-18.134034102,3.709146121
4.392000,0.800000,121.212121,3.714619448,-0.948152814,-18.091076735,3.714619448
4.393000,0.800000,121.212121,3.704739583,-0.594874060,-18.075614359,3.704739583
4.394000,0.800000,121.212121,3.704739583,-0.594874060,-18.075614359,3.704739583
4.395000,0.800000,121.212121,3.704259535,-0.261973333,-18.126625783,3.704259535
4.396000,0.800000,121.212121,3.722913300,-0.193241324,-18.147431225,3.722913300
4.397000,0.800000,121.212121,3.732939778,-0.070314580,-18.228454032,3.732939778
4.398000,0.800000,121.212121,3.725817568,-0.230061954,-18.471106566,3.725817568
4.399000,0.800000,121.212121,3.725817568,-0.230061954,-18.471106566,3.725817568
4.400000,0.800000,121.212121,3.726656080,-0.218623674,-18.444756687,3.726656080
4.401000,0.800000,121.212121,3.723645856,-0.155339143,-18.488416473,3.723645856
4.402000,0.800000,121.212121,3.727297093,-0.162839034,-18.463757957,3.727297093
4.403000,0.800000,121.212121,3.732491173,0.123238040,-18.486179426,3.732491173
4.404000,0.800000,121.212121,3.732491173,0.123238040,-18.486179426,3.732491173
4.405000,0.800000,121.212121,3.719981008,0.161333777,-18.495424148,3.719981008
4.406000,0.800000,121.212121,3.730375969,0.051207740,-18.469885020,3.730375969
4.407000,0.800000,121.212121,3.745747846,0.017752402,-18.321891528,3.745747846
4.408000,0.800000,121.212121,3.764656096,0.135629978,-18.314895802,3.764656096
4.409000,0.800000,121.212121,3.764656096,0.135629978,-18.314895802,3.764656096
4.410000,0.800000,121.212121,3.764656096,0.135629978,-18.314895802,3.764656096
4.411000,0.800000,121.212121,3.764656096,0.135629978,-18.314895802,3.764656096
4.412000,0.800000,121.212121,3.732624889,-0.238731488,-18.713699721,3.732624889
4.413000,0.800000,121.212121,3.713800044,-0.052547027,-19.140427303,3.713800044
4.414000,0.800000,121.212121,3.713800044,-0.052547027,-19.140427303,3.713800044
4.415000,0.800000,121.212121,3.703146210,-0.341959799,-19.072984082,3.703146210
4.416000,0.800000,121.212121,3.696807138,-0.200344541,-19.100530339,3.696807138
4.417000,0.800000,121.212121,3.686418665,0.275166308,-19.326273028,3.686418665
4.418000,0.800000,121.212121,3.694748008,0.464894919,-19.510485616,3.694748008
4.419000,0.800000,121.212121,3.695747471,0.316622264,-19.545885662,3.695747471
4.420000,0.800000,121.212121,3.690338152,0.186982100,-19.325509795,3.690338152
4.421000,0.800000,121.212121,3.704458143,0.010801146,-19.446986441,3.704458143
4.422000,0.800000,121.212121,3.721314804,-0.222988074,-19.944430297,3.721314804
4.423000,0.800000,121.212121,3.725258970,-0.347650656,-20.176626659,3.725258970
4.424000,0.800000,121.212121,3.716141126,-0.393815823,-20.128316952,3.716141126
4.425000,0.800000,121.212121,3.720735435,-0.245684145,-20.023246170,3.720735435
4.426000,0.800000,121.212121,3.731035592,-0.178999095,-20.119874530,3.731035592
4.427000,0.800000,121.212121,3.754198676,-0.061819936,-20.443037620,3.754198676
4.428000,0.800000,121.212121,3.741444162,0.044591909,-20.486913431,3.741444162
4.429000,0.800000,121.212121,3.755425168,0.200463500,-20.650939351,3.755425168
4.430000,0.800000,121.212121,3.767649270,0.148252130,-20.668689460,3.767649270
4.431000,0.800000,121.212121,3.778337245,0.039769981,-20.809872731,3.778337245
4.432000,0.800000,121.212121,3.795852702,-0.373546636,-21.159011933,3.795852702
4.433000,0.800000,121.212121,3.795852702,-0.373546636,-21.159011933,3.795852702
4.434000,0.800000,121.212121,3.795852702,-0.373546636,-21.159011933,3.795852702
4.435000,0.800000,121.212121,3.795852702,-0.373546636,-21.159011933,3.795852702
4.436000,0.800000,121.212121,3.860402005,-0.462385334,-21.146484531,3.860402005
4.437000,0.800000,121.212121,3.863292301,-0.396226523,-21.180803476,3.863292301
4.438000,0.800000,121.212121,3.861961419,-0.310623761,-21.320464454,3.861961419
4.439000,0.800000,121.212121,3.867080966,-0.298610011,-21.568238823,3.867080966
4.440000,0.800000,121.212121,3.899024484,-0.098322000,-21.738755474,3.899024484
4.441000,0.800000,121.212121,3.941504141,0.510071688,-21.924045478,3.941504141
4.442000,0.800000,121.212121,3.942911239,0.418953806,-21.970307912,3.942911239
4.443000,0.800000,121.212121,3.944141517,0.402117987,-22.136420543,3.944141517
4.444000,0.800000,121.212121,3.945217193,0.450229673,-22.281658845,3.945217193
4.445000,0.800000,121.212121,3.939874511,0.617959173,-22.220150405,3.939874511
4.446000,0.800000,121.212121,3.943685292,0.602362103,-22.064414189,3.943685292
4.447000,0.800000,121.212121,3.944818299,0.625310371,-22.093037370,3.944818299
4.448000,0.800000,121.212121,3.939525743,0.833870434,-22.243727363,3.939525743
4.449000,0.800000,121.212121,3.941181454,0.890558360,-22.375481093,3.941181454
4.450000,0.800000,121.212121,3.948912288,1.065786378,-22.427846307,3.948912288
4.451000,0.800000,121.212121,3.956087964,1.345054413,-22.215294536,3.956087964
4.452000,0.800000,121.212121,3.955662405,1.526000626,-22.036461975,3.955662405
4.453000,0.800000,121.212121,3.961573509,1.621376613,-22.005765882,3.961573509
4.454000,0.800000,121.212121,3.966741802,1.704767301,-21.978927174,3.966741802
4.455000,0.800000,121.212121,3.971260628,1.589183246,-21.829797412,3.971260628
4.456000,0.800000,121.212121,3.991232452,1.462595922,-21.758107712,3.991232452
4.457000,0.800000,121.212121,3.991232452,1.462595922,-21.758107712,3.991232452
4.458000,0.800000,121.212121,3.991232452,1.462595922,-21.758107712,3.991232452
4.459000,0.800000,121.212121,3.991232452,1.462595922,-21.758107712,3.991232452
4.460000,0.800000,121.212121,4.007775722,1.029980109,-21.840598991,4.007775722
4.461000,0.800000,121.212121,4.018357356,1.270641325,-21.703533277,4.018357356
4.462000,0.800000,121.212121,4.028956351,1.083947444,-21.651842385,4.028956351
4.463000,0.800000,121.212121,4.031940252,0.983546060,-21.732310869,4.031940252
4.464000,0.800000,121.212121,4.034549184,0.958593339,-21.865499237,4.034549184
4.465000,0.800000,121.212121,4.034285325,1.018790474,-21.675389157,4.034285325
4.466000,0.800000,121.212121,4.024033196,0.926576957,-21.690066813,4.024033196
4.467000,0.800000,121.212121,4.027635758,0.845951332,-21.828563726,4.027635758
4.468000,0.800000,121.212121,4.049635165,0.775457422,-22.012488457,4.049635165
4.469000,0.800000,121.212121,4.056303675,0.588158332,-22.110468672,4.056303675
4.470000,0.800000,121.212121,4.054665659,0.461812411,-21.980566457,4.054665659
4.471000,0.800000,121.212121,4.054418832,0.502422675,-21.831230696,4.054418832
4.472000,0.800000,121.212121,4.066769394,0.475097849,-21.826324727,4.066769394
4.473000,0.800000,121.212121,4.058718382,0.514038615,-21.822035259,4.058718382
4.474000,0.800000,121.212121,4.064245460,0.610917793,-21.881116675,4.064245460
4.475000,0.800000,121.212121,4.071724102,0.471315516,-22.158539191,4.071724102
4.476000,0.800000,121.212121,4.056767277,0.573563437,-22.300997982,4.056767277
4.477000,0.800000,121.212121,4.043689983,0.788626212,-22.362723020,4.043689983
4.478000,0.800000,121.212121,4.038539216,0.976663401,-22.353859609,4.038539216
4.479000,0.800000,121.212121,4.034035712,1.078239287,-22.346110006,4.034035712
4.480000,0.800000,121.212121,4.056492160,0.828565953,-22.333409955,4.056492160
4.481000,0.800000,121.212121,4.074865365,0.948752313,-22.202566426,4.074865365
4.482000,0.800000,121.212121,4.084646539,1.053835610,-22.025333326,4.084646539
4.483000,0.800000,121.212121,4.093198575,1.145713750,-21.996035701,4.093198575
4.484000,0.800000,121.212121,4.094392745,1.414541702,-21.970419723,4.094392745
4.485000,0.800000,121.212121,4.054736158,1.556729118,-21.755736061,4.054736158
4.486000,0.800000,121.212121,4.054480473,1.585411796,-21.571821468,4.054480473
4.487000,0.800000,121.212121,4.066823288,1.673321956,-21.536681971,4.066823288
4.488000,0.800000,121.212121,4.058765504,1.938680558,-21.505958232,4.058765504
4.489000,0.800000,121.212121,4.051720290,2.170693215,-21.604759059,4.051720290
4.490000,0.800000,121.212121,4.051720290,2.170693215,-21.604759059,4.051720290
4.491000,0.800000,121.212121,4.040964161,2.260443400,-21.641010173,4.040964161
4.492000,0.800000,121.212121,4.060999141,2.548798860,-21.676618526,4.060999141
4.493000,0.800000,121.212121,4.066239611,2.452814378,-21.691141694,4.066239611
4.494000,0.800000,121.212121,4.064538359,2.494555367,-21.766671681,4.064538359
4.495000,0.800000,121.212121,4.055467161,2.617896681,-21.890450242,4.055467161
4.496000,0.800000,121.212121,4.042553244,2.450397257,-21.878102525,4.042553244
4.497000,0.800000,121.212121,4.037545323,2.555273844,-21.741642761,4.037545323
4.498000,0.800000,121.212121,4.039449902,2.835466810,-21.685162891,4.039449902
4.499000,0.800000,121.212121,4.034831958,3.080449689,-21.698612343,4.034831958
4.500000,0.800000,121.212121,4.050817676,3.356263986,-21.830525648,4.050817676
4.501000,0.800000,121.212121,4.063620772,3.410137856,-21.951371983,4.063620772
4.502000,0.800000,121.212121,4.062248613,3.582905441,-22.057032320,4.062248613
4.503000,0.800000,121.212121,4.061048884,3.545466853,-22.149414988,4.061048884
4.504000,0.800000,121.212121,4.059999918,3.512732936,-22.104524801,4.059999918
4.505000,0.800000,121.212121,4.082624045,3.741665116,-21.913190729,4.082624045
4.506000,0.800000,121.212121,4.097713420,3.747108051,-21.835153505,4.097713420
4.507000,0.800000,121.212121,4.097713420,3.747108051,-21.835153505,4.097713420
4.508000,0.800000,121.212121,4.097713420,3.747108051,-21.835153505,4.097713420
4.509000,0.800000,121.212121,4.097713420,3.747108051,-21.835153505,4.097713420
4.510000,0.800000,121.212121,4.099858278,4.208488432,-21.933702779,4.099858278
4.511000,0.800000,121.212121,4.106498750,4.218100472,-21.853087935,4.106498750
4.512000,0.800000,121.212121,4.118587942,4.163672775,-21.845435303,4.118587942
4.513000,0.800000,121.212121,4.116591589,4.116084664,-21.838744330,4.116591589
4.514000,0.800000,121.212121,4.102279736,4.325804063,-21.770062317,4.102279736
4.515000,0.800000,121.212121,4.091391837,4.441851906,-21.657506215,4.091391837
4.516000,0.800000,121.212121,4.117609269,4.404902592,-21.280988918,4.117609269
4.517000,0.800000,121.212121,4.115735901,4.515496207,-21.093900957,4.115735901
4.518000,0.800000,121.212121,4.101531576,4.549360366,-21.118818722,4.101531576
4.519000,0.800000,121.212121,4.084536711,4.314384743,-21.395190007,4.084536711
4.520000,0.800000,121.212121,4.080536177,4.436353166,-21.507910380,4.080536177
4.521000,0.800000,121.212121,4.070755180,4.542994586,-21.669297745,4.070755180
4.522000,0.800000,121.212121,4.068486485,4.573403196,-21.559077164,4.068486485
4.523000,0.800000,121.212121,4.066502882,4.662822401,-21.525539163,4.066502882
4.524000,0.800000,121.212121,4.051475351,4.683698910,-21.470577078,4.051475351
4.525000,0.800000,121.212121,4.045346245,4.633594241,-21.448160326,4.045346245
4.526000,0.800000,121.212121,4.052553716,4.526954056,-21.491392399,4.052553716
4.527000,0.800000,121.212121,4.052572284,4.370882820,-21.529191769,4.052572284
4.528000,0.800000,121.212121,4.058871704,4.360087780,-21.562241131,4.058871704
4.529000,0.800000,121.212121,4.062912010,4.460164888,-21.616402432,4.062912010
4.530000,0.800000,121.212121,4.055345731,4.312486626,-21.638492579,4.055345731
4.531000,0.800000,121.212121,4.042447074,4.120534308,-21.657806795,4.042447074
4.532000,0.800000,121.212121,4.042447074,4.120534308,-21.657806795,4.042447074
4.533000,0.800000,121.212121,4.033452032,4.269150526,-21.547855151,4.033452032
4.534000,0.800000,121.212121,4.023304618,4.082643983,-21.390063643,4.023304618
4.535000,0.800000,121.212121,4.020715551,3.982406397,-21.377764508,4.020715551
4.536000,0.800000,121.212121,4.018451836,3.831933185,-21.492674633,4.018451836
4.537000,0.800000,121.212121,3.997623031,3.888864553,-21.404649167,3.997623031
4.538000,0.800000,121.212121,3.987831954,4.037099863,-21.433097203,3.987831954
4.539000,0.800000,121.212121,3.977134143,4.068249226,-21.478222164,3.977134143
4.540000,0.800000,121.212121,3.980347029,4.221147951,-21.517676555,3.980347029
4.541000,0.800000,121.212121,3.980347029,4.221147951,-21.517676555,3.980347029
4.542000,0.800000,121.212121,3.968341888,3.992750646,-21.048430477,3.968341888
4.543000,0.800000,121.212121,3.952091636,3.456949387,-20.823268154,3.952091636
4.544000,0.800000,121.212121,3.952168271,3.121179637,-20.819362787,3.952168271
4.545000,0.800000,121.212121,3.939668905,3.016099518,-20.941611889,3.939668905
4.546000,0.800000,121.212121,3.935023441,2.924224156,-21.048498716,3.935023441
4.547000,0.800000,121.212121,3.943528114,2.906726046,-20.890626336,3.943528114
4.548000,0.800000,121.212121,3.933911969,2.940881992,-20.859545401,3.933911969
4.549000,0.800000,121.212121,3.955122684,2.921290596,-20.976745007,3.955122684
4.550000,0.800000,121.212121,3.967384797,2.841329275,-20.890721317,3.967384797
4.551000,0.800000,121.212121,3.959256451,2.645752483,-20.815507682,3.959256451
4.552000,0.800000,121.212121,3.945866358,2.474752596,-20.749745672,3.945866358
4.553000,0.800000,121.212121,3.930205856,2.312285962,-20.696911042,3.930205856
4.554000,0.800000,121.212121,3.933032739,2.434518126,-20.457556766,3.933032739
4.555000,0.800000,121.212121,3.935504385,2.415726437,-20.248280635,3.935504385
4.556000,0.800000,121.212121,3.935504385,2.415726437,-20.248280635,3.935504385
4.557000,0.800000,121.212121,3.935504385,2.415726437,-20.248280635,3.935504385
4.558000,0.800000,121.212121,3.935504385,2.415726437,-20.248280635,3.935504385
4.559000,0.800000,121.212121,3.960494408,2.527908328,-19.912039879,3.960494408
4.560000,0.800000,121.212121,3.946948748,2.560212733,-20.022642834,3.946948748
4.561000,0.800000,121.212121,3.941388472,2.714121354,-19.993683306,3.941388472
4.562000,0.800000,121.212121,3.930243736,2.974352953,-20.031194792,3.930243736
4.563000,0.800000,121.212121,3.918262924,3.047516494,-19.919964433,3.918262924
4.564000,0.800000,121.212121,3.903741044,3.077356864,-19.903907854,3.903741044
4.565000,0.800000,121.212121,3.897327223,3.040615530,-19.827037150,3.897327223
4.566000,0.800000,121.212121,3.904285757,2.882827543,-19.759826304,3.904285757
4.567000,0.800000,121.212121,3.891520300,2.870531484,-19.701061422,3.891520300
4.568000,0.800000,121.212121,3.883166636,2.622740339,-19.659693688,3.883166636
4.569000,0.800000,121.212121,3.885621456,2.643127802,-19.739175548,3.885621456
4.570000,0.800000,121.212121,3.887767795,2.472457743,-19.745837569,3.887767795
4.571000,0.800000,121.212121,3.889644417,2.197571009,-19.814494270,3.889644417
4.572000,0.800000,121.212121,3.897568401,2.082891267,-19.811691461,3.897568401
4.573000,0.800000,121.212121,3.898777425,1.840017908,-19.744266366,3.898777425
4.574000,0.800000,121.212121,3.905553721,1.833101467,-19.561793097,3.905553721
4.575000,0.800000,121.212121,3.911478483,1.827054171,-19.213754536,3.911478483
4.576000,0.800000,121.212121,3.922941902,1.884598655,-18.972283644,3.922941902
4.577000,0.800000,121.212121,3.914115230,1.934911885,-18.823988732,3.914115230
4.578000,0.800000,121.212121,3.887873275,1.664061151,-18.400363118,3.887873275
4.579000,0.800000,121.212121,3.877170271,1.490760529,-18.261106006,3.877170271
4.580000,0.800000,121.212121,3.867812246,1.339237505,-18.265012165,3.867812246
4.581000,0.800000,121.212121,3.859630186,1.269587280,-18.205595608,3.859630186
4.582000,0.800000,121.212121,3.859630186,1.269587280,-18.205595608,3.859630186
4.583000,0.800000,121.212121,3.859630186,1.269587280,-18.205595608,3.859630186
4.584000,0.800000,121.212121,3.846246162,1.455290945,-17.902709089,3.846246162
4.585000,0.800000,121.212121,3.842273004,1.470112423,-17.813846061,3.842273004
4.586000,0.800000,121.212121,3.837300299,1.132688558,-17.748292856,3.837300299
4.587000,0.800000,121.212121,3.832952483,1.088994038,-17.753809163,3.832952483
4.588000,0.800000,121.212121,3.832110466,1.080219302,-17.401649536,3.832110466
4.589000,0.800000,121.212121,3.828414823,1.043118263,-17.325062621,3.828414823
4.590000,0.800000,121.212121,3.825183589,1.073511332,-17.069604343,3.825183589
4.591000,0.800000,121.212121,3.828641589,0.974421389,-16.971911604,3.828641589
4.592000,0.800000,121.212121,3.806783092,0.886264060,-17.229117994,3.806783092
4.593000,0.800000,121.212121,3.806611293,0.736743982,-17.291014266,3.806611293
4.594000,0.800000,121.212121,3.806119971,0.679973472,-17.228330189,3.806119971
4.595000,0.800000,121.212121,3.805690390,0.756000661,-17.110691372,3.805690390
4.596000,0.800000,121.212121,3.799031607,0.759642139,-17.133499191,3.799031607
4.597000,0.800000,121.212121,3.805775961,0.699994162,-16.964945336,3.805775961
4.598000,0.800000,121.212121,3.798768624,0.845674771,-16.869319112,3.798768624
4.599000,0.800000,121.212121,3.780413285,0.775215614,-16.922458664,3.780413285
4.600000,0.800000,121.212121,3.789497287,0.650778764,-16.968920503,3.789497287
4.601000,0.800000,121.212121,3.784873389,0.604810962,-17.009543775,3.784873389
4.602000,0.800000,121.212121,3.774547362,0.438955938,-16.982230323,3.774547362
4.603000,0.800000,121.212121,3.757625066,0.457624899,-16.748973472,3.757625066
4.604000,0.800000,121.212121,3.757006350,0.435929527,-16.691572397,3.757006350
4.605000,0.800000,121.212121,3.757006350,0.435929527,-16.691572397,3.757006350
4.606000,0.800000,121.212121,3.757006350,0.435929527,-16.691572397,3.757006350
4.607000,0.800000,121.212121,3.727221974,0.385873992,-16.750275251,3.727221974
4.608000,0.800000,121.212121,3.715952896,0.370005178,-16.477571208,3.715952896
4.609000,0.800000,121.212121,3.708004488,0.484984132,-16.642771107,3.708004488
4.610000,0.800000,121.212121,3.713621278,0.585514404,-16.787211374,3.713621278
4.611000,0.800000,121.212121,3.712249055,0.610579817,-16.787837035,3.712249055
4.612000,0.800000,121.212121,3.711049271,0.506831710,-16.914047780,3.711049271
4.613000,0.800000,121.212121,3.720859867,0.399641141,-16.885345935,3.720859867
4.614000,0.800000,121.212121,3.737427572,0.196736664,-16.810807791,3.737427572
4.615000,0.800000,121.212121,3.745630133,0.207825475,-16.934131945,3.745630133
4.616000,0.800000,121.212121,3.752789306,0.524365720,-17.065508064,3.752789306
4.617000,0.800000,121.212121,3.758262236,0.766349327,-17.189627422,3.758262236
4.618000,0.800000,121.212121,3.751280265,0.831522206,-17.328179550,3.751280265
4.619000,0.800000,121.212121,3.738892489,0.825673367,-17.323656999,3.738892489
4.620000,0.800000,121.212121,3.731157769,0.635488411,-17.206373102,3.731157769
4.621000,0.800000,121.212121,3.731157769,0.635488411,-17.206373102,3.731157769
4.622000,0.800000,121.212121,3.730738472,0.435162698,-17.273626615,3.730738472
4.623000,0.800000,121.212121,3.714648869,0.479121863,-17.087463829,3.714648869
4.624000,0.800000,121.212121,3.706864330,0.454725104,-17.113190507,3.706864330
4.625000,0.800000,121.212121,3.687823840,0.351911835,-17.029687688,3.687823840
4.626000,0.800000,121.212121,3.687823840,0.351911835,-17.029687688,3.687823840
4.627000,0.800000,121.212121,3.667774455,0.461810356,-16.910916623,3.667774455
4.628000,0.800000,121.212121,3.659597144,0.565252731,-16.833165171,3.659597144
4.629000,0.800000,121.212121,3.659597144,0.565252731,-16.833165171,3.659597144
4.630000,0.800000,121.212121,3.659597144,0.565252731,-16.833165171,3.659597144
4.631000,0.800000,121.212121,3.659597144,0.565252731,-16.833165171,3.659597144
4.632000,0.800000,121.212121,3.640151269,0.762716914,-17.064070631,3.640151269
4.633000,0.800000,121.212121,3.625836876,0.885728371,-17.172737189,3.625836876
4.634000,0.800000,121.212121,3.641779152,0.935899637,-17.124916248,3.641779152
4.635000,0.800000,121.212121,3.638068568,1.073056489,-17.093587764,3.638068568
4.636000,0.800000,121.212121,3.638068568,1.073056489,-17.093587764,3.638068568
4.637000,0.800000,121.212121,3.635231960,1.185803643,-17.195301973,3.635231960
4.638000,0.800000,121.212121,3.631144059,1.135434485,-17.144645457,3.631144059
4.639000,0.800000,121.212121,3.621286673,1.028563049,-16.911859068,3.621286673
4.640000,0.800000,121.212121,3.605921955,1.088958158,-16.836632257,3.605921955
4.641000,0.800000,121.212121,3.605921955,1.088958158,-16.836632257,3.605921955
4.642000,0.800000,121.212121,3.605921955,1.088958158,-16.836632257,3.605921955
4.643000,0.800000,121.212121,3.616630842,0.996053795,-17.076857819,3.616630842
4.644000,0.800000,121.212121,3.614880427,0.906697453,-17.103917288,3.614880427
4.645000,0.800000,121.212121,3.594741426,0.516828529,-16.912726307,3.594741426
4.646000,0.800000,121.212121,3.594741426,0.516828529,-16.912726307,3.594741426
4.647000,0.800000,121.212121,3.595037168,0.415179032,-17.174807931,3.595037168
4.648000,0.800000,121.212121,3.583433923,0.210322006,-17.126726773,3.583433923
4.649000,0.800000,121.212121,3.567005599,0.094039927,-17.273183230,3.567005599
4.650000,0.800000,121.212121,3.569130079,0.201844724,-17.560236595,3.569130079
4.651000,0.800000,121.212121,3.569130079,0.201844724,-17.560236595,3.569130079
4.652000,0.800000,121.212121,3.535423761,0.292153290,-17.206629800,3.535423761
4.653000,0.800000,121.212121,3.518745387,0.291251694,-17.217381641,3.518745387
4.654000,0.800000,121.212121,3.510446065,0.416127102,-17.163950512,3.510446065
4.655000,0.800000,121.212121,3.510446065,0.416127102,-17.163950512,3.510446065
4.656000,0.800000,121.212121,3.510446065,0.416127102,-17.163950512,3.510446065
4.657000,0.800000,121.212121,3.514905120,0.620772952,-16.958619543,3.514905120
4.658000,0.800000,121.212121,3.499081572,0.517318758,-16.933029679,3.499081572
4.659000,0.800000,121.212121,3.505819648,0.488122035,-16.852499419,3.505819648
4.660000,0.800000,121.212121,3.505085206,0.267570246,-16.893230601,3.505085206
4.661000,0.800000,121.212121,3.505085206,0.267570246,-16.893230601,3.505085206
4.662000,0.800000,121.212121,3.499030135,-0.073737839,-16.626000223,3.499030135
4.663000,0.800000,121.212121,3.505774675,-0.028660199,-16.521220569,3.505774675
4.664000,0.800000,121.212121,3.517954856,0.199248376,-16.618103474,3.517954856
4.665000,0.800000,121.212121,3.508078950,0.148713402,-16.423571135,3.508078950
4.666000,0.800000,121.212121,3.508078950,0.148713402,-16.423571135,3.508078950
4.667000,0.800000,121.212121,3.508078950,0.148713402,-16.423571135,3.508078950
4.668000,0.800000,121.212121,3.495998886,0.145866454,-16.008266618,3.495998886
4.669000,0.800000,121.212121,3.490557973,0.100515952,-15.981113659,3.490557973
4.670000,0.800000,121.212121,3.481641404,0.034091220,-15.756015506,3.481641404
4.671000,0.800000,121.212121,3.481641404,0.034091220,-15.756015506,3.481641404
4.672000,0.800000,121.212121,3.474825008,-0.024583777,-15.646767935,3.474825008
4.673000,0.800000,121.212121,3.472044883,0.014316981,-15.727874093,3.472044883
4.674000,0.800000,121.212121,3.463330933,0.048329325,-15.673124444,3.463330933
4.675000,0.800000,121.212121,3.453754559,0.119860131,-15.709064412,3.453754559
4.676000,0.800000,121.212121,3.453754559,0.119860131,-15.709064412,3.453754559
4.677000,0.800000,121.212121,3.459000137,0.213687656,-15.775684025,3.459000137
4.678000,0.800000,121.212121,3.451925439,0.096982637,-15.840590109,3.451925439
4.679000,0.800000,121.212121,3.452022959,-0.067888651,-15.960171707,3.452022959
4.680000,0.800000,121.212121,3.452022959,-0.067888651,-15.960171707,3.452022959
4.681000,0.800000,121.212121,3.452022959,-0.067888651,-15.960171707,3.452022959
4.682000,0.800000,121.212121,3.452022959,-0.067888651,-15.960171707,3.452022959
4.683000,0.800000,121.212121,3.419008663,-0.043776093,-15.758395417,3.419008663
4.684000,0.800000,121.212121,3.398109885,-0.065295410,-15.636978493,3.398109885
4.685000,0.800000,121.212121,3.387414568,-0.226224980,-15.728472621,3.387414568
4.686000,0.800000,121.212121,3.387414568,-0.226224980,-15.728472621,3.387414568
4.687000,0.800000,121.212121,3.380027952,-0.286417981,-16.041848313,3.380027952
4.688000,0.800000,121.212121,3.382877191,-0.277446020,-16.010475353,3.382877191
4.689000,0.800000,121.212121,3.366518829,-0.269601508,-16.045876689,3.366518829
4.690000,0.800000,121.212121,3.339710740,-0.374513944,-15.986124384,3.339710740
4.691000,0.800000,121.212121,3.339710740,-0.374513944,-15.986124384,3.339710740
4.692000,0.800000,121.212121,3.324710539,-0.698147448,-16.003277753,3.324710539
4.693000,0.800000,121.212121,3.302256192,-0.741266670,-15.953559033,3.302256192
4.694000,0.800000,121.212121,3.325125109,-0.797916811,-15.907655180,3.325125109
4.695000,0.800000,121.212121,3.322307272,-0.975995423,-15.893145427,3.322307272
4.696000,0.800000,121.212121,3.338693091,-0.880368605,-16.006122729,3.338693091
4.697000,0.800000,121.212121,3.353019807,-0.608263048,-15.916407325,3.353019807
4.698000,0.800000,121.212121,3.346696619,-0.496014989,-15.963629598,3.346696619
4.699000,0.800000,121.212121,3.342617363,-0.421935183,-16.205825978,3.342617363
4.700000,0.800000,121.212121,3.337601384,-0.395933627,-16.091015124,3.337601384
4.701000,0.800000,121.212121,3.345782103,-0.373199524,-16.241959240,3.345782103
4.702000,0.800000,121.212121,3.352934803,-0.478985979,-16.311103305,3.352934803
4.703000,0.800000,121.212121,3.340339111,-0.508647062,-16.434390325,3.340339111
4.704000,0.800000,121.212121,3.340339111,-0.508647062,-16.434390325,3.340339111
4.705000,0.800000,121.212121,3.340339111,-0.508647062,-16.434390325,3.340339111
4.706000,0.800000,121.212121,3.340339111,-0.508647062,-16.434390325,3.340339111
4.707000,0.800000,121.212121,3.302470623,-0.323530650,-16.379648899,3.302470623
4.708000,0.800000,121.212121,3.289933263,-0.309894973,-16.431490371,3.289933263
4.709000,0.800000,121.212121,3.281953403,-0.632957207,-16.516448190,3.281953403
4.710000,0.800000,121.212121,3.278277498,-0.643269695,-16.551098957,3.278277498
4.711000,0.800000,121.212121,3.268780335,-0.589454425,-16.644227233,3.268780335
4.712000,0.800000,121.212121,3.260476621,-0.542401781,-16.788484517,3.260476621
4.713000,0.800000,121.212121,3.259499567,-0.501261946,-16.726118338,3.259499567
4.714000,0.800000,121.212121,3.299511964,-0.488778145,-16.922280526,3.299511964
4.715000,0.800000,121.212121,3.293629584,-0.391545002,-16.968764750,3.293629584
4.716000,0.800000,121.212121,3.288486407,-0.369362390,-17.009407595,3.288486407
4.717000,0.800000,121.212121,3.296555910,-0.349967327,-16.919279403,3.296555910
4.718000,0.800000,121.212121,3.271716832,-0.021650328,-17.215641355,3.271716832
4.719000,0.800000,121.212121,3.255461228,0.042676158,-17.641911612,3.255461228
4.720000,0.800000,121.212121,3.248831242,0.135956637,-17.660796180,3.248831242
4.721000,0.800000,121.212121,3.249317590,0.029019585,-17.677307643,3.249317590
4.722000,0.800000,121.212121,3.243459637,-0.001647507,-17.628912362,3.243459637
4.723000,0.800000,121.212121,3.225771445,0.097202847,-17.712262317,3.225771445
4.724000,0.800000,121.212121,3.214054450,0.141430810,-17.668256369,3.214054450
4.725000,0.800000,121.212121,3.206344608,0.222301413,-17.683830357,3.206344608
4.726000,0.800000,121.212121,3.205886799,0.230177663,-17.446119848,3.205886799
4.727000,0.800000,121.212121,3.205886799,0.230177663,-17.446119848,3.205886799
4.728000,0.800000,121.212121,3.205886799,0.230177663,-17.446119848,3.205886799
4.729000,0.800000,121.212121,3.205886799,0.230177663,-17.446119848,3.205886799
4.730000,0.800000,121.212121,3.205886799,0.230177663,-17.446119848,3.205886799
4.731000,0.800000,121.212121,3.206345864,0.787860367,-17.127487317,3.206345864
4.732000,0.800000,121.212121,3.205887897,0.850330089,-17.085352643,3.205887897
4.733000,0.800000,121.212121,3.205887897,0.850330089,-17.085352643,3.205887897
4.734000,0.800000,121.212121,3.228384880,1.229996204,-17.029268775,3.228384880
4.735000,0.800000,121.212121,3.237723779,1.236905498,-17.062308460,3.237723779
4.736000,0.800000,121.212121,3.239605932,1.054450985,-17.091196255,3.239605932
4.737000,0.800000,121.212121,3.234968381,0.894924383,-17.053622050,3.234968381
4.738000,0.800000,121.212121,3.243479973,0.881108191,-17.020769559,3.243479973
4.739000,0.800000,121.212121,3.250356018,1.078210890,-16.966930888,3.250356018
4.740000,0.800000,121.212121,3.244367572,0.915698530,-17.133467888,3.244367572
4.741000,0.800000,121.212121,3.251698026,0.899271781,-17.027749820,3.251698026
4.742000,0.800000,121.212121,3.258107309,0.759245573,-16.935316676,3.258107309
4.743000,0.800000,121.212121,3.251144807,0.699647430,-16.917330876,3.251144807
4.744000,0.800000,121.212121,3.251340424,0.584706757,-16.901605239,3.251340424
4.745000,0.800000,121.212121,3.245228273,0.484209955,-16.887855744,3.245228273
4.746000,0.800000,121.212121,3.240705297,0.672819839,-16.857427383,3.240705297
4.747000,0.800000,121.212121,3.235929596,0.812577834,-16.786397588,3.235929596
4.748000,0.800000,121.212121,3.231754027,0.934773320,-16.535798101,3.231754027
4.749000,0.800000,121.212121,3.266524696,1.017259291,-16.604083373,3.266524696
4.750000,0.800000,121.212121,3.264787619,1.050901894,-16.753385284,3.264787619
4.751000,0.800000,121.212121,3.250702459,1.017484990,-16.821093510,3.250702459
4.752000,0.800000,121.212121,3.244670478,1.051099231,-16.754629564,3.244670478
4.753000,0.800000,121.212121,3.226830127,1.080489381,-16.633685870,3.226830127
4.754000,0.800000,121.212121,3.205455677,1.002990262,-16.498315168,3.205455677
4.755000,0.800000,121.212121,3.205455677,1.002990262,-16.498315168,3.205455677
4.756000,0.800000,121.212121,3.205455677,1.002990262,-16.498315168,3.205455677
4.757000,0.800000,121.212121,3.205455677,1.002990262,-16.498315168,3.205455677
4.758000,0.800000,121.212121,3.221287815,1.069408684,-16.512597169,3.221287815
4.759000,0.800000,121.212121,3.209549728,1.009856616,-16.386355081,3.209549728
4.760000,0.800000,121.212121,3.214972336,1.107261320,-16.374521977,3.214972336
4.761000,0.800000,121.212121,3.213430335,1.066762081,-16.364175864,3.213430335
4.762000,0.800000,121.212121,3.193232551,0.905688421,-16.292298030,3.193232551
4.763000,0.800000,121.212121,3.188139266,0.953351433,-16.292284483,3.188139266
4.764000,0.800000,121.212121,3.209629179,0.842966030,-15.946853899,3.209629179
4.765000,0.800000,121.212121,3.215041803,0.772847264,-15.864586436,3.215041803
4.766000,0.800000,121.212121,3.213491072,0.774371735,-15.792657008,3.213491072
4.767000,0.800000,121.212121,3.212135212,1.027032047,-15.792598351,3.212135212
4.768000,0.800000,121.212121,3.204666548,1.059446569,-15.729715212,3.204666548
4.769000,0.800000,121.212121,3.222263690,0.814199598,-15.807262184,3.222263690
4.770000,0.800000,121.212121,3.219627352,0.772130719,-15.730270821,3.219627352
4.771000,0.800000,121.212121,3.217500384,0.773745234,-15.675219990,3.217500384
4.772000,0.800000,121.212121,3.209357513,0.649493156,-15.627087051,3.209357513
4.773000,0.800000,121.212121,3.208521091,0.666518762,-15.585002676,3.208521091
4.774000,0.800000,121.212121,3.201506591,0.430077454,-15.611038632,3.201506591
4.775000,0.800000,121.212121,3.195504844,0.403797132,-15.347442781,3.195504844
4.776000,0.800000,121.212121,3.196409200,0.388865957,-15.466163247,3.196409200
4.777000,0.800000,121.212121,3.203483096,0.250147383,-15.632796712,3.203483096
4.778000,0.800000,121.212121,3.209668060,0.128860699,-15.652826692,3.209668060
4.779000,0.800000,121.212121,3.215075799,0.274142762,-15.796003337,3.215075799
4.780000,0.800000,121.212121,3.218444385,0.386567336,-15.959913722,3.218444385
4.781000,0.800000,121.212121,3.229032443,0.436633174,-15.750341407,3.229032443
4.782000,0.800000,121.212121,3.229032443,0.436633174,-15.750341407,3.229032443
4.783000,0.800000,121.212121,3.229032443,0.436633174,-15.750341407,3.229032443
4.784000,0.800000,121.212121,3.215757798,0.393017376,-15.823030167,3.215757798
4.785000,0.800000,121.212121,3.212908220,0.711487840,-15.805900117,3.212908220
4.786000,0.800000,121.212121,3.211625603,0.595059257,-15.867009135,3.211625603
4.787000,0.800000,121.212121,3.210504164,0.618925228,-15.794775261,3.210504164
4.788000,0.800000,121.212121,3.196957279,0.639792113,-15.731618564,3.196957279
4.789000,0.800000,121.212121,3.185112745,0.532373081,-15.802062077,3.185112745
4.790000,0.800000,121.212121,3.184551477,0.481998451,-15.846777387,3.184551477
4.791000,0.800000,121.212121,3.180549088,0.645735768,-15.777085910,3.180549088
4.792000,0.800000,121.212121,3.183332839,0.663233541,-15.590488416,3.183332839
4.793000,0.800000,121.212121,3.180248189,0.530900189,-15.049106355,3.180248189
4.794000,0.800000,121.212121,3.195636123,0.374333067,-14.953989470,3.195636123
4.795000,0.800000,121.212121,3.202807167,0.551600015,-14.933657178,3.202807167
4.796000,0.800000,121.212121,3.209065458,0.598673405,-14.963168466,3.209065458
4.797000,0.800000,121.212121,3.214548922,0.622085209,-14.941682707,3.214548922
4.798000,0.800000,121.212121,3.213060128,0.831050558,-14.860065075,3.213060128
4.799000,0.800000,121.212121,3.211758422,1.013756546,-15.102863083,3.211758422
4.800000,0.800000,121.212121,3.221401987,0.834207392,-15.076728914,3.221401987
4.801000,0.800000,121.212121,3.225335197,0.828021122,-15.040972729,3.225335197
4.802000,0.800000,121.212121,3.216207774,0.822612241,-15.198205357,3.216207774
4.803000,0.800000,121.212121,3.214510523,0.692219355,-15.147183992,3.214510523
4.804000,0.800000,121.212121,3.219309740,0.703875828,-14.976910454,3.219309740
4.805000,0.800000,121.212121,3.221681080,0.785810312,-14.642929968,3.221681080
4.806000,0.800000,121.212121,3.221681080,0.785810312,-14.642929968,3.221681080
4.807000,0.800000,121.212121,3.221681080,0.785810312,-14.642929968,3.221681080
4.808000,0.800000,121.212121,3.221681080,0.785810312,-14.642929968,3.221681080
4.809000,0.800000,121.212121,3.237292753,0.669556360,-14.891597607,3.237292753
4.810000,0.800000,121.212121,3.245512256,0.746892602,-14.879105708,3.245512256
4.811000,0.800000,121.212121,3.240922391,0.755863232,-14.732970274,3.240922391
4.812000,0.800000,121.212121,3.229836224,0.822353832,-14.614748367,3.229836224
4.813000,0.800000,121.212121,3.238992742,1.006152684,-14.511382663,3.238992742
4.814000,0.800000,121.212121,3.240715432,0.915527278,-14.483838130,3.240715432
4.815000,0.800000,121.212121,3.235938457,0.836290196,-14.459754945,3.235938457
4.816000,0.800000,121.212121,3.246959506,0.941972493,-14.600887290,3.246959506
4.817000,0.800000,121.212121,3.260247434,1.047907767,-14.624927127,3.260247434
4.818000,0.800000,121.212121,3.259299181,1.203362675,-14.583114175,3.259299181
4.819000,0.800000,121.212121,3.277319645,1.087955131,-14.483723741,3.277319645
4.820000,0.800000,121.212121,3.286792405,0.924218273,-14.396823077,3.286792405
4.821000,0.800000,121.212121,3.290539565,0.828590463,-14.442905807,3.290539565
4.822000,0.800000,121.212121,3.285784691,0.760278184,-14.549630035,3.285784691
4.823000,0.800000,121.212121,3.281627331,0.700550279,-14.328783636,3.281627331
4.824000,0.800000,121.212121,3.277992401,0.773991710,-14.135689614,3.277992401
4.825000,0.800000,121.212121,3.268531065,0.838204219,-13.966860502,3.268531065
4.826000,0.800000,121.212121,3.272664948,0.590131626,-13.925719357,3.272664948
4.827000,0.800000,121.212121,3.276439449,0.488953115,-13.971771445,3.276439449
4.828000,0.800000,121.212121,3.267173262,0.337657218,-14.200532017,3.267173262
4.829000,0.800000,121.212121,3.265354684,0.331037430,-14.337713834,3.265354684
4.830000,0.800000,121.212121,3.276331006,0.450913215,-14.394825022,3.276331006
4.831000,0.800000,121.212121,3.276331006,0.450913215,-14.394825022,3.276331006
4.832000,0.800000,121.212121,3.276331006,0.450913215,-14.394825022,3.276331006
4.833000,0.800000,121.212121,3.276331006,0.450913215,-14.394825022,3.276331006
4.834000,0.800000,121.212121,3.285321842,0.304057120,-14.642745457,3.285321842
4.835000,0.800000,121.212121,3.274939460,0.301659645,-14.661525241,3.274939460
4.836000,0.800000,121.212121,3.281478416,0.117130786,-14.566637850,3.281478416
4.837000,0.800000,121.212121,3.290428570,0.012559461,-14.406486039,3.290428570
4.838000,0.800000,121.212121,3.291970829,-0.078871044,-14.329291351,3.291970829
4.839000,0.800000,121.212121,3.280752911,-0.033148347,-14.387460940,3.280752911
4.840000,0.800000,121.212121,3.283511049,0.069660519,-14.375488869,3.283511049
4.841000,0.800000,121.212121,3.276254284,0.238143716,-14.238101015,3.276254284
4.842000,0.800000,121.212121,3.269917181,0.366943046,-14.133072952,3.269917181
4.843000,0.800000,121.212121,3.274036977,0.356643093,-14.215900072,3.274036977
4.844000,0.800000,121.212121,3.265072693,0.410469322,-14.225486976,3.265072693
4.845000,0.800000,121.212121,3.257454777,0.208207546,-14.421797873,3.257454777
4.846000,0.800000,121.212121,3.263140645,0.155023031,-14.405510896,3.263140645
4.847000,0.800000,121.212121,3.268112006,0.234185585,-14.391270601,3.268112006
4.848000,0.800000,121.212121,3.278741832,0.240568425,-14.378819795,3.278741832
4.849000,0.800000,121.212121,3.275469505,0.246149175,-14.305101750,3.275469505
4.850000,0.800000,121.212121,3.275600430,0.357271564,-14.239228768,3.275600430
4.851000,0.800000,121.212121,3.272722863,0.285355112,-14.120220396,3.272722863
4.852000,0.800000,121.212121,3.276490087,0.222475947,-14.141830763,3.276490087
4.853000,0.800000,121.212121,3.267217536,0.167498411,-14.223557344,3.267217536
4.854000,0.800000,121.212121,3.271676580,0.245093263,-14.295013860,3.271676580
4.855000,0.800000,121.212121,3.269292098,0.187273551,-14.231827179,3.269292098
4.856000,0.800000,121.212121,3.269292098,0.187273551,-14.231827179,3.269292098
4.857000,0.800000,121.212121,3.269292098,0.187273551,-14.231827179,3.269292098
4.858000,0.800000,121.212121,3.312169980,0.456511838,-14.077181395,3.312169980
4.859000,0.800000,121.212121,3.317263318,0.372124485,-14.167032055,3.317263318
4.860000,0.800000,121.212121,3.313833479,0.116062447,-14.549815385,3.313833479
4.861000,0.800000,121.212121,3.318717776,0.325784638,-14.580273106,3.318717776
4.862000,0.800000,121.212121,3.310421923,0.446320509,-14.481239691,3.310421923
4.863000,0.800000,121.212121,3.303168558,0.551709395,-14.583146741,3.303168558
4.864000,0.800000,121.212121,3.296826677,0.769518430,-14.609415921,3.296826677
4.865000,0.800000,121.212121,3.267584046,0.773159862,-14.770233882,3.267584046
4.866000,0.800000,121.212121,3.246864291,0.774645050,-14.647329292,3.246864291
4.867000,0.800000,121.212121,3.246864291,0.774645050,-14.647329292,3.246864291
4.868000,0.800000,121.212121,3.248239159,1.004719340,-14.563681242,3.248239159
4.869000,0.800000,121.212121,3.248799910,0.788610347,-14.278237263,3.248799910
4.870000,0.800000,121.212121,3.219882080,0.976250504,-14.108819498,3.219882080
4.871000,0.800000,121.212121,3.217723102,1.015046423,-13.943366984,3.217723102
4.872000,0.800000,121.212121,3.222118614,1.237462662,-13.924369553,3.222118614
4.873000,0.800000,121.212121,3.225961770,1.431929253,-13.844927557,3.225961770
4.874000,0.800000,121.212121,3.229321980,1.413462891,-13.775468536,3.229321980
4.875000,0.800000,121.212121,3.252888682,1.383200214,-13.834343267,3.252888682
4.876000,0.800000,121.212121,3.259148342,1.433689177,-13.829046160,3.259148342
4.877000,0.800000,121.212121,3.264621391,1.415001657,-13.887246561,3.264621391
4.878000,0.800000,121.212121,3.269406675,1.398662481,-13.686805871,3.269406675
4.879000,0.800000,121.212121,3.267307438,1.572872104,-13.511553301,3.267307438
4.880000,0.800000,121.212121,3.265471999,1.473862489,-13.483987324,3.265471999
4.881000,0.800000,121.212121,3.265471999,1.473862489,-13.483987324,3.265471999
4.882000,0.800000,121.212121,3.265471999,1.473862489,-13.483987324,3.265471999
4.883000,0.800000,121.212121,3.249897710,1.382333043,-13.140444297,3.249897710
4.884000,0.800000,121.212121,3.218357649,1.383283699,-13.094698090,3.218357649
4.885000,0.800000,121.212121,3.215459625,0.951889072,-12.968510416,3.215459625
4.886000,0.800000,121.212121,3.213856388,0.993746339,-13.009185221,3.213856388
4.887000,0.800000,121.212121,3.225020991,1.030343666,-13.044748679,3.225020991
4.888000,0.800000,121.212121,3.234782609,1.062342038,-13.075843102,3.234782609
4.889000,0.800000,121.212121,3.243317546,1.090319376,-13.103030084,3.243317546
4.890000,0.800000,121.212121,3.251810985,0.955568769,-13.383120162,3.251810985
4.891000,0.800000,121.212121,3.258206073,0.996963631,-13.371693570,3.258206073
4.892000,0.800000,121.212121,3.263797530,1.158820368,-13.361702886,3.263797530
4.893000,0.800000,121.212121,3.263797530,1.158820368,-13.361702886,3.263797530
4.894000,0.800000,121.212121,3.272171243,1.000039624,-13.408162003,3.272171243
4.895000,0.800000,121.212121,3.280151782,0.776680814,-13.388742154,3.280151782
4.896000,0.800000,121.212121,3.270419090,0.966219106,-13.439440934,3.270419090
4.897000,0.800000,121.212121,3.261909443,1.131939314,-13.169609453,3.261909443
4.898000,0.800000,121.212121,3.267035521,1.151170800,-13.059349702,3.267035521
4.899000,0.800000,121.212121,3.258951067,1.167985586,-13.088609305,3.258951067
4.900000,0.800000,121.212121,3.256689495,1.493909561,-13.325055511,3.256689495
4.901000,0.800000,121.212121,3.243621975,1.467654524,-13.383757391,3.243621975
4.902000,0.800000,121.212121,3.213347012,1.444698793,-13.309418869,3.213347012
4.903000,0.800000,121.212121,3.193159699,1.424627764,-13.244422001,3.193159699
4.904000,0.800000,121.212121,3.200641939,1.281415229,-13.313256587,3.200641939
4.905000,0.800000,121.212121,3.230174256,1.415813925,-13.308294701,3.230174256
4.906000,0.800000,121.212121,3.230174256,1.415813925,-13.308294701,3.230174256
4.907000,0.800000,121.212121,3.230174256,1.415813925,-13.308294701,3.230174256
4.908000,0.800000,121.212121,3.230174256,1.415813925,-13.308294701,3.230174256
4.909000,0.800000,121.212121,3.183666381,1.471311783,-12.963096864,3.183666381
4.910000,0.800000,121.212121,3.206209820,1.553087313,-12.530393321,3.206209820
4.911000,0.800000,121.212121,3.193202578,1.456563928,-12.563291691,3.193202578
4.912000,0.800000,121.212121,3.188113059,1.309338176,-12.654887783,3.188113059
4.913000,0.800000,121.212121,3.196229479,1.180613357,-12.546478011,3.196229479
4.914000,0.800000,121.212121,3.197042774,1.068064577,-12.451691413,3.197042774
4.915000,0.800000,121.212121,3.169328381,0.773747268,-12.539786842,3.169328381
4.916000,0.800000,121.212121,3.173522168,0.775158641,-12.445841081,3.173522168
4.917000,0.800000,121.212121,3.170905763,0.776392656,-12.426532746,3.170905763
4.918000,0.800000,121.212121,3.168618145,0.777471600,-12.346818914,3.168618145
4.919000,0.800000,121.212121,3.171466776,0.952665130,-12.233630792,3.171466776
4.920000,0.800000,121.212121,3.169108659,0.805929316,-12.240989588,3.169108659
4.921000,0.800000,121.212121,3.153467374,0.683226649,-12.017513140,3.153467374
4.922000,0.800000,121.212121,3.147087943,0.633181325,-11.989198228,3.147087943
4.923000,0.800000,121.212121,3.141510175,0.589424883,-12.027273326,3.141510175
4.924000,0.800000,121.212121,3.142916515,0.425503331,-11.997731913,3.142916515
4.925000,0.800000,121.212121,3.162995686,0.407844475,-12.034734637,3.162995686
4.926000,0.800000,121.212121,3.177841448,0.214096628,-11.789111127,3.177841448
4.927000,0.800000,121.212121,3.193531822,0.223003922,-11.538170646,3.193531822
4.928000,0.800000,121.212121,3.188400929,0.230791892,-11.381596130,3.188400929
4.929000,0.800000,121.212121,3.190197989,0.237601197,-11.370361053,3.190197989
4.930000,0.800000,121.212121,3.191769223,0.180722966,-11.297705965,3.191769223
4.931000,0.800000,121.212121,3.152730571,0.142447077,-11.296406811,3.152730571
4.932000,0.800000,121.212121,3.159010100,0.034694413,-11.295876939,3.159010100
4.933000,0.800000,121.212121,3.174794611,-0.267554386,-11.483504146,3.174794611
4.934000,0.800000,121.212121,3.165735121,-0.449448453,-11.459462930,3.165735121
4.935000,0.800000,121.212121,3.151530894,-0.419989479,-11.312779117,3.151530894
4.936000,0.800000,121.212121,3.164244364,-0.205736869,-11.247359988,3.164244364
4.937000,0.800000,121.212121,3.169077028,-0.018408036,-11.127329816,3.169077028
4.938000,0.800000,121.212121,3.147949576,-0.316044978,-11.276032725,3.147949576
4.939000,0.800000,121.212121,3.135980347,-0.366181831,-11.152399431,3.135980347
4.940000,0.800000,121.212121,3.125515215,-0.535682008,-11.107134208,3.125515215
4.941000,0.800000,121.212121,3.135214727,-0.683882164,-11.193220887,3.135214727
4.942000,0.800000,121.212121,3.149978547,-0.624963381,-11.268489594,3.149978547
4.943000,0.800000,121.212121,3.167461545,-0.495929515,-11.291147925,3.167461545
4.944000,0.800000,121.212121,3.159323555,-0.397797704,-11.165615199,3.159323555
4.945000,0.800000,121.212121,3.152208215,-0.374829354,-11.118689234,3.152208215
4.946000,0.800000,121.212121,3.152270200,-0.417579145,-11.203323865,3.152270200
4.947000,0.800000,121.212121,3.145299027,-0.369869490,-11.043655222,3.145299027
4.948000,0.800000,121.212121,3.152512432,-0.538906262,-11.200550758,3.152512432
4.949000,0.800000,121.212121,3.152536188,-0.749533100,-11.274898367,3.152536188
4.950000,0.800000,121.212121,3.158840144,-0.870859936,-11.277071327,3.158840144
4.951000,0.800000,121.212121,3.158068736,-0.788444832,-11.341803077,3.158068736
4.952000,0.800000,121.212121,3.181147726,-0.724110477,-11.259389927,3.181147726
4.953000,0.800000,121.212121,3.183856250,-0.722968307,-11.137848029,3.183856250
4.954000,0.800000,121.212121,3.183856250,-0.722968307,-11.137848029,3.183856250
4.955000,0.800000,121.212121,3.183856250,-0.722968307,-11.137848029,3.183856250
4.956000,0.800000,121.212121,3.175728610,-0.721096520,-11.119265011,3.175728610
4.957000,0.800000,121.212121,3.174276745,-0.498345116,-11.335504486,3.174276745
4.958000,0.800000,121.212121,3.171565517,-0.399909752,-11.392893309,3.171565517
4.959000,0.800000,121.212121,3.171565517,-0.399909752,-11.392893309,3.171565517
4.960000,0.800000,121.212121,3.173405541,-0.293530024,-11.314237935,3.173405541
4.961000,0.800000,121.212121,3.170803791,-0.409328043,-11.311467339,3.170803791
4.962000,0.800000,121.212121,3.172823229,-0.465538476,-11.306926885,3.172823229
4.963000,0.800000,121.212121,3.182861025,-0.308393863,-11.367906875,3.182861025
4.964000,0.800000,121.212121,3.197920621,-0.108164772,-11.484055747,3.197920621
4.965000,0.800000,121.212121,3.211087771,0.192566496,-11.522777068,3.211087771
4.966000,0.800000,121.212121,3.210033918,0.329843052,-11.745128084,3.210033918
4.967000,0.800000,121.212121,3.207517296,0.256444008,-12.046685131,3.207517296
4.968000,0.800000,121.212121,3.206912122,0.322861626,-12.140368065,3.206912122
4.969000,0.800000,121.212121,3.206382997,0.443764813,-12.222278454,3.206382997
4.970000,0.800000,121.212121,3.212203548,0.486643005,-12.168231974,3.212203548
4.971000,0.800000,121.212121,3.217292668,0.524132963,-12.120977175,3.217292668
4.972000,0.800000,121.212121,3.209151868,0.514843981,-11.690231930,3.209151868
4.973000,0.800000,121.212121,3.227190844,0.423126395,-11.828708094,3.227190844
4.974000,0.800000,121.212121,3.249246160,0.280102527,-11.824119124,3.249246160
4.975000,0.800000,121.212121,3.274813109,0.280715275,-11.631611262,3.274813109
4.976000,0.800000,121.212121,3.278317665,0.281251022,-11.588958357,3.278317665
4.977000,0.800000,121.212121,3.277777746,0.156465300,-11.589786303,3.277777746
4.978000,0.800000,121.212121,3.280909755,0.172614760,-11.740884837,3.280909755
4.979000,0.800000,121.212121,3.280909755,0.172614760,-11.740884837,3.280909755
4.980000,0.800000,121.212121,3.280909755,0.172614760,-11.740884837,3.280909755
4.981000,0.800000,121.212121,3.280909755,0.172614760,-11.740884837,3.280909755
4.982000,0.800000,121.212121,3.280416798,0.283653558,-12.261750996,3.280416798
4.983000,0.800000,121.212121,3.283217173,0.409483776,-12.391239810,3.283217173
4.984000,0.800000,121.212121,3.286354844,0.659662105,-12.461363685,3.286354844
4.985000,0.800000,121.212121,3.288409022,0.738241696,-12.502936575,3.288409022
4.986000,0.800000,121.212121,3.290205065,0.806946684,-12.602117114,3.290205065
4.987000,0.800000,121.212121,3.291775410,0.867017948,-12.563170554,3.291775410
4.988000,0.800000,121.212121,3.276288905,0.839799046,-12.860544671,3.276288905
4.989000,0.800000,121.212121,3.279608007,0.707246402,-12.977618705,3.279608007
4.990000,0.800000,121.212121,3.276226832,0.591350814,-12.954317076,3.276226832
4.991000,0.800000,121.212121,3.285836920,0.552850948,-12.871111763,3.285836920
4.992000,0.800000,121.212121,3.281672997,0.456357266,-12.672698631,3.281672997
4.993000,0.800000,121.212121,3.263861926,0.423887101,-12.410370995,3.263861926
4.994000,0.800000,121.212121,3.268742648,0.343599493,-12.458351815,3.268742648
4.995000,0.800000,121.212121,3.273010040,0.461896683,-12.374639482,3.273010040
4.996000,0.800000,121.212121,3.289307546,0.753823769,-12.301446750,3.289307546
4.997000,0.800000,121.212121,3.290990677,0.946234362,-12.174619836,3.290990677
4.998000,0.800000,121.212121,3.289044944,1.088852697,-12.375016094,3.289044944
4.999000,0.800000,121.212121,3.303327445,1.239162314,-12.364607889,3.303327445
5.000000,0.800000,121.212121,3.303248784,1.433415320,-12.544003177,3.303248784
5.001000,0.800000,121.212121,3.309463192,1.414762214,-12.763686841,3.309463192
5.002000,0.800000,121.212121,3.333746231,1.335621273,-12.830100536,3.333746231
5.003000,0.800000,121.212121,3.331138121,1.276652617,-12.711298953,3.331138121
5.004000,0.800000,121.212121,3.327564667,1.529026305,-12.784295904,3.327564667
5.005000,0.800000,121.212121,3.311873896,1.624022075,-12.910951640,3.311873896
5.006000,0.800000,121.212121,3.304438070,1.769912177,-13.084523201,3.304438070
5.007000,0.800000,121.212121,3.310503029,1.834637335,-13.173451262,3.310503029
5.008000,0.800000,121.212121,3.344399517,1.700402412,-13.330593295,3.344399517
5.009000,0.800000,121.212121,3.357342161,1.304187236,-13.612020204,3.357342161
5.010000,0.800000,121.212121,3.350475810,1.113277851,-13.697492891,3.350475810
5.011000,0.800000,121.212121,3.343927281,1.106679085,-13.955333573,3.343927281
5.012000,0.800000,121.212121,3.343927281,1.106679085,-13.955333573,3.343927281
5.013000,0.800000,121.212121,3.343927281,1.106679085,-13.955333573,3.343927281
5.014000,0.800000,121.212121,3.343927281,1.106679085,-13.955333573,3.343927281
5.015000,0.800000,121.212121,3.361818621,0.818716534,-14.050582906,3.361818621
5.016000,0.800000,121.212121,3.354389741,0.688813196,-14.080944178,3.354389741
5.017000,0.800000,121.212121,3.354781662,0.585799914,-14.209323458,3.354781662
5.018000,0.800000,121.212121,3.354520258,0.422333889,-14.471064216,3.354520258
5.019000,0.800000,121.212121,3.354291704,0.405073316,-14.448586248,3.354291704
5.020000,0.800000,121.212121,3.360375055,0.327149919,-14.554596651,3.360375055
5.021000,0.800000,121.212121,3.365693950,0.259018664,-14.647285394,3.365693950
5.022000,0.800000,121.212121,3.357140137,0.194405632,-14.626479537,3.357140137
5.023000,0.800000,121.212121,3.362865544,0.080123663,-14.521639650,3.362865544
5.024000,0.800000,121.212121,3.361588290,-0.019797210,-14.304310627,3.361588290
5.025000,0.800000,121.212121,3.354188354,-0.044329803,-14.302787533,3.354188354
5.026000,0.800000,121.212121,3.354188354,-0.044329803,-14.302787533,3.354188354
5.027000,0.800000,121.212121,3.354188354,-0.044329803,-14.302787533,3.354188354
5.028000,0.800000,121.212121,3.362512273,0.050070171,-14.155175392,3.362512273
5.029000,0.800000,121.212121,3.381332687,-0.354636817,-14.444041436,3.381332687
5.030000,0.800000,121.212121,3.396584339,-0.337092224,-14.613454810,3.396584339
5.031000,0.800000,121.212121,3.397235577,-0.245508287,-14.836153320,3.397235577
5.032000,0.800000,121.212121,3.397922442,-0.367340896,-14.893460608,3.397922442
5.033000,0.800000,121.212121,3.421812113,-0.394296013,-14.987375806,3.421812113
5.034000,0.800000,121.212121,3.413127414,-0.434599551,-15.088511770,3.413127414
5.035000,0.800000,121.212121,3.418100438,-0.281342838,-15.365434172,3.418100438
5.036000,0.800000,121.212121,3.409882162,-0.273008638,-15.481893773,3.409882162
5.037000,0.800000,121.212121,3.415262995,-0.265721744,-15.395223070,3.415262995
5.038000,0.800000,121.212121,3.418587490,-0.253779981,-15.135419077,3.418587490
5.039000,0.800000,121.212121,3.422874380,-0.248909432,-15.155119521,3.422874380
5.040000,0.800000,121.212121,3.414056193,-0.370314640,-15.109512482,3.414056193
5.041000,0.800000,121.212121,3.412629317,-0.476463620,-14.943972885,3.412629317
5.042000,0.800000,121.212121,3.411381748,-0.694937231,-14.862067461,3.411381748
5.043000,0.800000,121.212121,3.444667638,-0.801644428,-14.719945149,3.444667638
5.044000,0.800000,121.212121,3.451960385,-0.539431643,-14.729023733,3.451960385
5.045000,0.800000,121.212121,3.464619884,-0.373001341,-14.736961470,3.464619884
5.046000,0.800000,121.212121,3.475688543,-0.290317140,-14.743901720,3.475688543
5.047000,0.800000,121.212121,3.491649459,-0.092359637,-14.875633540,3.491649459
5.048000,0.800000,121.212121,3.506029410,0.051453293,-14.801043463,3.506029410
5.049000,0.800000,121.212121,3.511894395,-0.044864755,-14.862762786,3.511894395
5.050000,0.800000,121.212121,3.510739179,-0.066247267,-14.916726230,3.510739179
5.051000,0.800000,121.212121,3.509729131,-0.022110921,-14.838244722,3.509729131
5.052000,0.800000,121.212121,3.508846010,-0.046352764,-14.895289197,3.508846010
5.053000,0.800000,121.212121,3.483055578,-0.148912156,-15.106541720,3.483055578
5.054000,0.800000,121.212121,3.466674799,-0.282883393,-15.067039146,3.466674799
5.055000,0.800000,121.212121,3.540138311,0.115618664,-15.251571905,3.540138311
5.056000,0.800000,121.212121,3.542307821,0.257485694,-15.740106758,3.542307821
5.057000,0.800000,121.212121,3.537330741,0.135276851,-15.935147320,3.537330741
5.058000,0.800000,121.212121,3.532979099,0.091257077,-15.791519096,3.532979099
5.059000,0.800000,121.212121,3.529174301,0.178432697,-15.854435286,3.529174301
5.060000,0.800000,121.212121,3.513281257,0.128989799,-15.972277048,3.513281257
5.061000,0.800000,121.212121,3.504506152,0.157835105,-15.749260236,3.504506152
5.062000,0.800000,121.212121,3.504279370,0.299476137,-15.817486831,3.504279370
5.063000,0.800000,121.212121,3.504081086,0.486149884,-15.688644260,3.504081086
5.064000,0.800000,121.212121,3.516474090,0.649365516,-15.764488084,3.516474090
5.065000,0.800000,121.212121,3.514743372,0.792070868,-15.830801091,3.514743372
5.066000,0.800000,121.212121,3.529967059,0.656840998,-16.057242887,3.529967059
5.067000,0.800000,121.212121,3.551673506,0.610111393,-16.086767241,3.551673506
5.068000,0.800000,121.212121,3.564369055,0.757749563,-15.986917749,3.564369055
5.069000,0.800000,121.212121,3.575469235,0.698339414,-15.899615714,3.575469235
5.070000,0.800000,121.212121,3.566324969,0.646394964,-16.011779936,3.566324969
5.071000,0.800000,121.212121,3.539562541,0.435604682,-16.493962589,3.539562541
5.072000,0.800000,121.212121,3.541213628,0.416676452,-16.594270833,3.541213628
5.073000,0.800000,121.212121,3.541213628,0.416676452,-16.594270833,3.541213628
5.074000,0.800000,121.212121,3.548940419,0.462958668,-16.556310265,3.548940419
5.075000,0.800000,121.212121,3.548940419,0.462958668,-16.556310265,3.548940419
5.076000,0.800000,121.212121,3.548940419,0.462958668,-16.556310265,3.548940419
5.077000,0.800000,121.212121,3.568900878,0.421008492,-17.202693540,3.568900878
5.078000,0.800000,121.212121,3.579431572,0.466746327,-17.276771879,3.579431572
5.079000,0.800000,121.212121,3.582355755,0.443904723,-17.278709406,3.582355755
5.080000,0.800000,121.212121,3.630716017,0.398108084,-17.243042663,3.630716017
5.081000,0.800000,121.212121,3.646045162,0.383891816,-17.249218729,3.646045162
5.082000,0.800000,121.212121,3.646881619,0.434293871,-17.191786834,3.646881619
5.083000,0.800000,121.212121,3.647612964,0.478362216,-17.330067603,3.647612964
5.084000,0.800000,121.212121,3.654535590,0.579724622,-17.325307792,3.654535590
5.085000,0.800000,121.212121,3.654103591,0.573133167,-17.325403096,3.654103591
5.086000,0.800000,121.212121,3.653927396,0.599754452,-17.321229444,3.653927396
5.087000,0.800000,121.212121,3.660056527,0.685862260,-17.443243975,3.660056527
5.088000,0.800000,121.212121,3.665415450,0.886813149,-17.612757561,3.665415450
5.089000,0.800000,121.212121,3.657534579,1.062511803,-17.760969442,3.657534579
5.090000,0.800000,121.212121,3.656396209,1.177742610,-17.948922938,3.656396209
5.091000,0.800000,121.212121,3.655931916,1.254050138,-18.054891032,3.655931916
5.092000,0.800000,121.212121,3.655525967,1.195104872,-18.084710928,3.655525967
5.093000,0.800000,121.212121,3.655171031,1.269230593,-18.173615400,3.655171031
5.094000,0.800000,121.212121,3.673710253,1.459705108,-18.125684099,3.673710253
5.095000,0.800000,121.212121,3.704092336,1.418550722,-18.219838465,3.704092336
5.096000,0.800000,121.212121,3.710200741,1.276101850,-18.166098603,3.710200741
5.097000,0.800000,121.212121,3.702975170,1.214385485,-17.993448185,3.702975170
5.098000,0.800000,121.212121,3.702975170,1.214385485,-17.993448185,3.702975170
5.099000,0.800000,121.212121,3.702975170,1.214385485,-17.993448185,3.702975170
5.100000,0.800000,121.212121,3.702975170,1.214385485,-17.993448185,3.702975170
5.101000,0.800000,121.212121,3.704158639,1.004064737,-17.463873798,3.704158639
5.102000,0.800000,121.212121,3.697692342,1.165029122,-17.567963111,3.697692342
5.103000,0.800000,121.212121,3.685755437,1.117270568,-17.658972175,3.685755437
5.104000,0.800000,121.212121,3.687884940,0.949849824,-17.738544702,3.687884940
5.105000,0.800000,121.212121,3.714138804,0.973848565,-17.735388791,3.714138804
5.106000,0.800000,121.212121,3.706418362,0.950114468,-17.679694817,3.706418362
5.107000,0.800000,121.212121,3.699668099,0.929362885,-17.568167702,3.699668099
5.108000,0.800000,121.212121,3.706332470,0.911219023,-17.470655497,3.706332470
5.109000,0.800000,121.212121,3.712159371,0.769691480,-17.385397037,3.712159371
5.110000,0.800000,121.212121,3.739768486,0.663419813,-17.481211497,3.739768486
5.111000,0.800000,121.212121,3.735110508,0.615863490,-17.520290237,3.735110508
5.112000,0.800000,121.212121,3.724754684,0.637115124,-17.491626345,3.724754684
5.113000,0.800000,121.212121,3.728266581,0.781359905,-17.592228170,3.728266581
5.114000,0.800000,121.212121,3.731337161,0.593319087,-17.680187997,3.731337161
5.115000,0.800000,121.212121,3.729296473,0.355885284,-17.706568560,3.729296473
5.116000,0.800000,121.212121,3.732237633,0.284143036,-17.780159949,3.732237633
5.117000,0.800000,121.212121,3.722242825,0.095752480,-17.781671719,3.722242825
5.118000,0.800000,121.212121,3.719787186,0.056699484,-17.845825367,3.719787186
5.119000,0.800000,121.212121,3.717640133,0.085385887,-17.713421671,3.717640133
5.120000,0.800000,121.212121,3.708627924,0.069565316,-17.747765873,3.708627924
5.121000,0.800000,121.212121,3.720449555,0.096634950,-17.816180256,3.720449555
5.122000,0.800000,121.212121,3.724502451,0.057471061,-17.813165580,3.724502451
5.123000,0.800000,121.212121,3.715479674,0.023228651,-17.747697887,3.715479674
5.124000,0.800000,121.212121,3.713873919,0.118952975,-17.627625254,3.713873919
5.125000,0.800000,121.212121,3.734796010,0.095226145,-17.320977853,3.734796010
5.126000,0.800000,121.212121,3.743329263,0.119071144,-17.380192147,3.743329263
5.127000,0.800000,121.212121,3.744507010,0.202751546,-17.369133500,3.744507010
5.128000,0.800000,121.212121,3.739253572,0.275916357,-17.359464524,3.739253572
5.129000,0.800000,121.212121,3.739253572,0.275916357,-17.359464524,3.739253572
5.130000,0.800000,121.212121,3.744502484,0.002256167,-17.086821061,3.744502484
5.131000,0.800000,121.212121,3.751815985,-0.150711441,-16.986964806,3.751815985
5.132000,0.800000,121.212121,3.758210445,-0.284456573,-16.962488711,3.758210445
5.133000,0.800000,121.212121,3.763801353,-0.338562942,-17.003920226,3.763801353
5.134000,0.800000,121.212121,3.762406501,-0.260206399,-17.102977156,3.762406501
5.135000,0.800000,121.212121,3.748343816,-0.249563698,-17.076816119,3.748343816
5.136000,0.800000,121.212121,3.748891416,-0.119559277,-16.852553416,3.748891416
5.137000,0.800000,121.212121,3.743087017,-0.068723545,-16.719304248,3.743087017
5.138000,0.800000,121.212121,3.738012020,-0.212771580,-16.602799665,3.738012020
5.139000,0.800000,121.212121,3.733574766,-0.213054298,-16.438103626,3.733574766
5.140000,0.800000,121.212121,3.749856598,-0.386221809,-16.403735762,3.749856598
5.141000,0.800000,121.212121,3.750214096,-0.427539982,-16.389718537,3.750214096
5.142000,0.800000,121.212121,3.769376225,-0.463665960,-16.503126475,3.769376225
5.143000,0.800000,121.212121,3.786130371,-0.369588508,-16.602283151,3.786130371
5.144000,0.800000,121.212121,3.788212757,-0.224501324,-16.626147578,3.788212757
5.145000,0.800000,121.212121,3.792414941,-0.096604749,-16.783024630,3.792414941
5.146000,0.800000,121.212121,3.799990771,-0.111485422,-16.784176414,3.799990771
5.147000,0.800000,121.212121,3.800331408,-0.187327987,-16.785183460,3.800331408
5.148000,0.800000,121.212121,3.794346054,-0.379303601,-16.786063957,3.794346054
5.149000,0.800000,121.212121,3.789112842,-0.358659289,-16.724001954,3.789112842
5.150000,0.800000,121.212121,3.768759851,-0.332723067,-16.794998920,3.768759851
5.151000,0.800000,121.212121,3.760458711,-0.380764090,-16.794645970,3.760458711
5.152000,0.800000,121.212121,3.753200723,-0.234272541,-16.605841814,3.753200723
5.153000,0.800000,121.212121,3.753137985,-0.169021516,-16.503595340,3.753137985
5.154000,0.800000,121.212121,3.765649503,-0.111970176,-16.477029391,3.765649503
5.155000,0.800000,121.212121,3.765649503,-0.111970176,-16.477029391,3.765649503
5.156000,0.800000,121.212121,3.765468839,-0.570173706,-16.415736463,3.765468839
5.157000,0.800000,121.212121,3.776430816,-0.776871361,-16.400211185,3.776430816
5.158000,0.800000,121.212121,3.773448899,-0.643435357,-16.512300578,3.773448899
5.159000,0.800000,121.212121,3.758275330,-0.526767416,-16.484640696,3.758275330
5.160000,0.800000,121.212121,3.756962487,-0.633939864,-16.674847720,3.756962487
5.161000,0.800000,121.212121,3.768993403,-0.706960721,-16.626761562,3.768993403
5.162000,0.800000,121.212121,3.785795655,-0.707973653,-16.584718088,3.785795655
5.163000,0.800000,121.212121,3.775353733,-0.646027444,-16.673621660,3.775353733
5.164000,0.800000,121.212121,3.797639907,-0.654697478,-16.814185132,3.797639907
5.165000,0.800000,121.212121,3.804325706,-0.668905931,-16.809004540,3.804325706
5.166000,0.800000,121.212121,3.810404785,-0.549037263,-16.932555298,3.810404785
5.167000,0.800000,121.212121,3.815719944,-0.381399884,-16.977748356,3.815719944
5.168000,0.800000,121.212121,3.807800810,-0.297660291,-17.017262287,3.807800810
5.169000,0.800000,121.212121,3.807160009,-0.161611873,-17.114642605,3.807160009
5.170000,0.800000,121.212121,3.782556259,-0.346895930,-17.329165663,3.782556259
5.171000,0.800000,121.212121,3.791370967,-0.393155938,-17.261687340,3.791370967
5.172000,0.800000,121.212121,3.799077986,-0.433602743,-17.202688593,3.799077986
5.173000,0.800000,121.212121,3.793250142,-0.406134999,-17.088271994,3.793250142
5.174000,0.800000,121.212121,3.794437832,-0.319287100,-16.988233410,3.794437832
5.175000,0.800000,121.212121,3.794437832,-0.319287100,-16.988233410,3.794437832
5.176000,0.800000,121.212121,3.794437832,-0.319287100,-16.988233410,3.794437832
5.177000,0.800000,121.212121,3.798025486,0.133604093,-17.188794344,3.798025486
5.178000,0.800000,121.212121,3.811179459,0.026962671,-16.887628189,3.811179459
5.179000,0.800000,121.212121,3.803830899,-0.003445942,-16.812803248,3.803830899
5.180000,0.800000,121.212121,3.803830899,-0.003445942,-16.812803248,3.803830899
5.181000,0.800000,121.212121,3.796482847,0.478733640,-17.152368528,3.796482847
5.182000,0.800000,121.212121,3.797264303,0.580049373,-17.295602747,3.797264303
5.183000,0.800000,121.212121,3.779098003,0.605801541,-17.358005771,3.779098003
5.184000,0.800000,121.212121,3.756931361,0.691149450,-17.349735146,3.756931361
5.185000,0.800000,121.212121,3.744158269,0.650417748,-17.375326047,3.744158269
5.186000,0.800000,121.212121,3.738948655,0.667327166,-17.113551480,3.738948655
5.187000,0.800000,121.212121,3.728110515,0.682111684,-17.010336181,3.728110515
5.188000,0.800000,121.212121,3.718634335,0.569374618,-16.920091299,3.718634335
5.189000,0.800000,121.212121,3.729198524,0.659300069,-16.904018777,3.729198524
5.190000,0.800000,121.212121,3.739438365,0.626070044,-17.003342830,3.739438365
5.191000,0.800000,121.212121,3.734821871,0.583207232,-17.039640465,3.734821871
5.192000,0.800000,121.212121,3.737068689,0.608562572,-17.197040510,3.737068689
5.193000,0.800000,121.212121,3.732749978,0.567899813,-17.146165524,3.732749978
5.194000,0.800000,121.212121,3.735257157,0.532346887,-16.913188117,3.735257157
5.195000,0.800000,121.212121,3.757425910,0.536914597,-16.774816415,3.757425910
5.196000,0.800000,121.212121,3.769398591,0.442423535,-16.776999673,3.769398591
5.197000,0.800000,121.212121,3.773583555,0.359806570,-16.716076721,3.773583555
5.198000,0.800000,121.212121,3.770959436,0.413235266,-16.662809574,3.770959436
5.199000,0.800000,121.212121,3.768665073,0.459949913,-16.804731733,3.768665073
5.200000,0.800000,121.212121,3.768665073,0.459949913,-16.804731733,3.768665073
5.201000,0.800000,121.212121,3.733171213,0.262458512,-16.944671014,3.733171213
5.202000,0.800000,121.212121,3.729342273,0.202456619,-16.925509713,3.729342273
5.203000,0.800000,121.212121,3.725994492,0.149994787,-16.908756293,3.725994492
5.204000,0.800000,121.212121,3.723067405,0.166957355,-16.956940023,3.723067405
5.205000,0.800000,121.212121,3.723067405,0.166957355,-16.956940023,3.723067405
5.206000,0.800000,121.212121,3.735163590,0.386693249,-16.784540735,3.735163590
5.207000,0.800000,121.212121,3.737367466,0.436743265,-16.722670146,3.737367466
5.208000,0.800000,121.212121,3.739294395,0.417671957,-16.668574445,3.739294395
5.209000,0.800000,121.212121,3.747262363,0.463829074,-16.746940315,3.747262363
5.210000,0.800000,121.212121,3.747753902,0.413807661,-16.631934595,3.747753902
5.211000,0.800000,121.212121,3.742092447,0.397618526,-16.526409206,3.742092447
5.212000,0.800000,121.212121,3.749708803,0.320631925,-16.496976382,3.749708803
5.213000,0.800000,121.212121,3.743801688,0.253319745,-16.282746636,3.743801688
5.214000,0.800000,121.212121,3.738636883,0.194466264,-16.158269647,3.738636883
5.215000,0.800000,121.212121,3.705829627,0.278617039,-15.836508704,3.705829627
5.216000,0.800000,121.212121,3.711719717,0.342248312,-15.830939480,3.711719717
5.217000,0.800000,121.212121,3.742002378,0.523547149,-15.700406400,3.742002378
5.218000,0.800000,121.212121,3.743346866,0.556399597,-15.586276590,3.743346866
5.219000,0.800000,121.212121,3.744522401,0.459459978,-15.737816167,3.744522401
5.220000,0.800000,121.212121,3.740165683,0.371322842,-15.986159264,3.740165683
5.221000,0.800000,121.212121,3.741740977,0.423304360,-15.961784397,3.741740977
5.222000,0.800000,121.212121,3.755684685,0.468753688,-15.940472565,3.755684685
5.223000,0.800000,121.212121,3.767876174,0.571323538,-15.921838858,3.767876174
5.224000,0.800000,121.212121,3.765969266,0.535340374,-15.968378584,3.765969266
5.225000,0.800000,121.212121,3.765969266,0.535340374,-15.968378584,3.765969266
5.226000,0.800000,121.212121,3.765969266,0.535340374,-15.968378584,3.765969266
5.227000,0.800000,121.212121,3.765969266,0.535340374,-15.968378584,3.765969266
5.228000,0.800000,121.212121,3.767090650,0.493953884,-15.464762018,3.767090650
5.229000,0.800000,121.212121,3.765282453,0.593356984,-15.380244155,3.765282453
5.230000,0.800000,121.212121,3.785872784,0.395059057,-15.524312791,3.785872784
5.231000,0.800000,121.212121,3.805863008,0.388154560,-15.432541454,3.805863008
5.232000,0.800000,121.212121,3.792899348,0.438020942,-15.414904399,3.792899348
5.233000,0.800000,121.212121,3.781564749,0.481620930,-15.336651829,3.781564749
5.234000,0.800000,121.212121,3.784220869,0.519741981,-15.268232767,3.784220869
5.235000,0.800000,121.212121,3.780260025,0.553072600,-15.271243350,3.780260025
5.236000,0.800000,121.212121,3.786335364,0.482031121,-15.331113265,3.786335364
5.237000,0.800000,121.212121,3.782108805,0.457268773,-15.326222052,3.782108805
5.238000,0.800000,121.212121,3.772130186,0.498450007,-15.321945488,3.772130186
5.239000,0.800000,121.212121,3.769688702,0.597288107,-15.255374479,3.769688702
5.240000,0.800000,121.212121,3.773837210,0.432378433,-15.134337176,3.773837210
5.241000,0.800000,121.212121,3.762575797,0.295683808,-15.234349114,3.762575797
5.242000,0.800000,121.212121,3.773901324,0.357170408,-15.367281349,3.773901324
5.243000,0.800000,121.212121,3.790086829,0.285266667,-15.420676974,3.790086829
5.244000,0.800000,121.212121,3.791672032,0.348062323,-15.404530853,3.791672032
5.245000,0.800000,121.212121,3.799341218,0.277303138,-15.516077421,3.799341218
5.246000,0.800000,121.212121,3.776579076,0.287006674,-15.690984279,3.776579076
5.247000,0.800000,121.212121,3.767295343,0.349583674,-15.578038488,3.767295343
5.248000,0.800000,121.212121,3.767295343,0.349583674,-15.578038488,3.767295343
5.249000,0.800000,121.212121,3.767295343,0.349583674,-15.578038488,3.767295343
5.250000,0.800000,121.212121,3.767295343,0.349583674,-15.578038488,3.767295343
5.251000,0.800000,121.212121,3.776424332,0.452134877,-15.628478942,3.776424332
5.252000,0.800000,121.212121,3.772662449,0.172467387,-15.216230080,3.772662449
5.253000,0.800000,121.212121,3.770154079,0.060942259,-15.288607367,3.770154079
5.254000,0.800000,121.212121,3.774244105,0.026263646,-15.351889456,3.774244105
5.255000,0.800000,121.212121,3.784103349,-0.004057125,-15.344387430,3.784103349
5.256000,0.800000,121.212121,3.784103349,-0.004057125,-15.344387430,3.784103349
5.257000,0.800000,121.212121,3.775533879,0.231258209,-15.444846787,3.775533879
5.258000,0.800000,121.212121,3.766381490,0.175177062,-15.425663399,3.766381490
5.259000,0.800000,121.212121,3.758379223,0.063311426,-15.471722519,3.758379223
5.260000,0.800000,121.212121,3.751382551,0.091166947,-15.449161826,3.751382551
5.261000,0.800000,121.212121,3.740705972,0.128920899,-15.404293674,3.740705972
5.262000,0.800000,121.212121,3.735930186,0.022867984,-15.327374487,3.735930186
5.263000,0.800000,121.212121,3.738037728,-0.132689782,-15.448616809,3.738037728
5.264000,0.800000,121.212121,3.733597244,-0.017372169,-15.491791518,3.733597244
5.265000,0.800000,121.212121,3.742281138,0.209117911,-15.529540734,3.742281138
5.266000,0.800000,121.212121,3.738452318,0.109217819,-15.709172180,3.738452318
5.267000,0.800000,121.212121,3.727676549,0.005640867,-15.782436389,3.727676549
5.268000,0.800000,121.212121,3.730821275,0.166407190,-15.783662093,3.730821275
5.269000,0.800000,121.212121,3.727287636,0.244139168,-16.036061183,3.727287636
5.270000,0.800000,121.212121,3.736764419,0.123607499,-16.193911014,3.736764419
5.271000,0.800000,121.212121,3.746011788,-0.003192294,-16.342723018,3.746011788
5.272000,0.800000,121.212121,3.740569253,0.095852184,-16.336372881,3.740569253
5.273000,0.800000,121.212121,3.735810648,0.182450366,-16.267988872,3.735810648
5.274000,0.800000,121.212121,3.737933212,0.069670740,-16.208198252,3.737933212
5.275000,0.800000,121.212121,3.746072232,-0.028936580,-16.281584848,3.746072232
5.276000,0.800000,121.212121,3.747633658,0.037106081,-16.346914651,3.747633658
5.277000,0.800000,121.212121,3.741987314,0.005422809,-16.402869631,3.741987314
5.278000,0.800000,121.212121,3.743333695,0.040552829,-16.451793100,3.743333695
5.279000,0.800000,121.212121,3.750794071,0.134100132,-16.431736812,3.750794071
5.280000,0.800000,121.212121,3.751033762,0.090228229,-16.351369018,3.751033762
5.281000,0.800000,121.212121,3.733366582,0.183139452,-16.588757693,3.733366582
5.282000,0.800000,121.212121,3.733366582,0.183139452,-16.588757693,3.733366582
5.283000,0.800000,121.212121,3.731637461,0.018630687,-16.628777705,3.731637461
5.284000,0.800000,121.212121,3.734284443,-0.136394604,-16.523649022,3.734284443
5.285000,0.800000,121.212121,3.736598796,-0.146275136,-16.306067494,3.736598796
5.286000,0.800000,121.212121,3.746674743,-0.233194891,-16.302798898,3.746674743
5.287000,0.800000,121.212121,3.747432085,-0.230911141,-16.301465774,3.747432085
5.288000,0.800000,121.212121,3.741811071,-0.166082521,-16.174636468,3.741811071
5.289000,0.800000,121.212121,3.724330043,-0.109400507,-16.126576857,3.724330043
5.290000,0.800000,121.212121,3.727895303,-0.122673217,-16.147388447,3.727895303
5.291000,0.800000,121.212121,3.733738051,-0.073697002,-16.236430656,3.733738051
5.292000,0.800000,121.212121,3.717271509,0.034207359,-16.431933170,3.717271509
5.293000,0.800000,121.212121,3.702874214,0.065720205,-16.414372554,3.702874214
5.294000,0.800000,121.212121,3.702852507,0.093273030,-16.399018671,3.702852507
5.295000,0.800000,121.212121,3.702833528,0.117363465,-16.511257919,3.702833528
5.296000,0.800000,121.212121,3.708296042,-0.141525023,-16.459659582,3.708296042
5.297000,0.800000,121.212121,3.701309823,-0.276424554,-16.375782910,3.701309823
5.298000,0.800000,121.212121,3.701484703,-0.205876551,-16.428110197,3.701484703
5.299000,0.800000,121.212121,3.714203978,-0.018530165,-16.411029990,3.714203978
5.300000,0.800000,121.212121,3.714203978,-0.018530165,-16.411029990,3.714203978
5.301000,0.800000,121.212121,3.714203978,-0.018530165,-16.411029990,3.714203978
5.302000,0.800000,121.212121,3.705914274,-0.416000957,-16.263715705,3.705914274
5.303000,0.800000,121.212121,3.692944171,-0.390745118,-16.204462066,3.692944171
5.304000,0.800000,121.212121,3.687887125,-0.305831169,-16.278318166,3.687887125
5.305000,0.800000,121.212121,3.683465566,-0.231587822,-16.217229528,3.683465566
5.306000,0.800000,121.212121,3.693489933,-0.219790144,-16.007245114,3.693489933
5.307000,0.800000,121.212121,3.690261309,-0.420511340,-15.715195730,3.690261309
5.308000,0.800000,121.212121,3.685541401,-0.646016123,-15.662039291,3.685541401
5.309000,0.800000,121.212121,3.700264170,-0.780351285,-15.678394541,3.700264170
5.310000,0.800000,121.212121,3.706853636,-0.772141687,-15.629862676,3.706853636
5.311000,0.800000,121.212121,3.693765490,-0.890627444,-15.587429505,3.693765490
5.312000,0.800000,121.212121,3.685672571,-0.833474519,-15.525785697,3.685672571
5.313000,0.800000,121.212121,3.700378857,-0.567261847,-15.559263078,3.700378857
5.314000,0.800000,121.212121,3.700670726,-0.585829857,-15.651365421,3.700670726
5.315000,0.800000,121.212121,3.700925918,-0.602064543,-15.669061988,3.700925918
5.316000,0.800000,121.212121,3.713715412,-0.679090971,-15.810198446,3.713715412
5.317000,0.800000,121.212121,3.734674837,-0.923089923,-15.680293156,3.734674837
5.318000,0.800000,121.212121,3.736940132,-0.959775112,-15.631522704,3.736940132
5.319000,0.800000,121.212121,3.726354390,-0.991850304,-15.651712781,3.726354390
5.320000,0.800000,121.212121,3.723382077,-1.019894809,-15.669365698,3.723382077
5.321000,0.800000,121.212121,3.733349647,-1.044415137,-15.684800284,3.733349647
5.322000,0.800000,121.212121,3.749684503,-1.092494741,-15.600222148,3.749684503
5.323000,0.800000,121.212121,3.749684503,-1.092494741,-15.600222148,3.749684503
5.324000,0.800000,121.212121,3.749684503,-1.092494741,-15.600222148,3.749684503
5.325000,0.800000,121.212121,3.749684503,-1.092494741,-15.600222148,3.749684503
5.326000,0.800000,121.212121,3.726090792,-0.719925637,-16.080798793,3.726090792
5.327000,0.800000,121.212121,3.731568999,-0.899370384,-16.138484779,3.731568999
5.328000,0.800000,121.212121,3.721658214,-0.876204405,-16.094968123,3.721658214
5.329000,0.800000,121.212121,3.719276040,-0.918781402,-15.994088078,3.719276040
5.330000,0.800000,121.212121,3.710910034,-0.893176163,-16.031548699,3.710910034
5.331000,0.800000,121.212121,3.703595331,-0.807956719,-16.001470027,3.703595331
5.332000,0.800000,121.212121,3.680435671,-0.983076942,-15.822200210,3.680435671
5.333000,0.800000,121.212121,3.676950489,-0.949392087,-15.755597192,3.676950489
5.334000,0.800000,121.212121,3.686469639,-0.857108342,-15.697363756,3.686469639
5.335000,0.800000,121.212121,3.701075763,-0.776421315,-15.646448149,3.701075763
5.336000,0.800000,121.212121,3.712445911,-0.871831757,-15.617943810,3.712445911
5.337000,0.800000,121.212121,3.698655018,-0.914958237,-15.639840261,3.698655018
5.338000,0.800000,121.212121,3.692880326,-0.889833430,-15.658985122,3.692880326
5.339000,0.800000,121.212121,3.706680859,-0.930697753,-15.675724170,3.706680859
5.340000,0.800000,121.212121,3.712463980,-0.903595061,-15.501864168,3.712463980
5.341000,0.800000,121.212121,3.733718163,-1.031883354,-15.405437912,3.733718163
5.342000,0.800000,121.212121,3.736103677,-0.929233451,-15.454038641,3.736103677
5.343000,0.800000,121.212121,3.719339862,-0.776651063,-15.370868317,3.719339862
5.344000,0.800000,121.212121,3.698399465,-0.706074595,-15.549476897,3.698399465
5.345000,0.800000,121.212121,3.692656886,-0.707198882,-15.705640860,3.692656886
5.346000,0.800000,121.212121,3.706799551,-0.646209509,-16.024394255,3.706799551
5.347000,0.800000,121.212121,3.706799551,-0.646209509,-16.024394255,3.706799551
5.348000,0.800000,121.212121,3.706799551,-0.646209509,-16.024394255,3.706799551
5.349000,0.800000,121.212121,3.700340690,-0.434776824,-16.024638007,3.700340690
5.350000,0.800000,121.212121,3.712673543,-0.673488711,-16.032720030,3.712673543
5.351000,0.800000,121.212121,3.722101564,-0.447735106,-16.101730298,3.722101564
5.352000,0.800000,121.212121,3.719663677,-0.355659584,-16.188496052,3.719663677
5.353000,0.800000,121.212121,3.711248959,-0.086659054,-16.201526647,3.711248959
5.354000,0.800000,121.212121,3.703891665,0.022874167,-16.275751622,3.703891665
5.355000,0.800000,121.212121,3.710025287,-0.069852523,-16.466312918,3.710025287
5.356000,0.800000,121.212121,3.719287499,0.084450538,-16.425300749,3.719287499
5.357000,0.800000,121.212121,3.723486424,0.235313346,-16.471405441,3.723486424
5.358000,0.800000,121.212121,3.727157695,0.241554468,-16.511716446,3.727157695
5.359000,0.800000,121.212121,3.736650807,0.247011308,-16.484129969,3.736650807
5.360000,0.800000,121.212121,3.738667794,0.251782421,-16.460010110,3.738667794
5.361000,0.800000,121.212121,3.724702813,0.259601322,-16.294818773,3.724702813
5.362000,0.800000,121.212121,3.734504414,0.262790327,-16.294488461,3.734504414
5.363000,0.800000,121.212121,3.736791124,0.265578590,-16.294199657,3.736791124
5.364000,0.800000,121.212121,3.732507293,0.268016470,-16.293947145,3.732507293
5.365000,0.800000,121.212121,3.709912227,0.207316143,-16.293726364,3.709912227
5.366000,0.800000,121.212121,3.691732985,-0.056968076,-16.521004911,3.691732985
5.367000,0.800000,121.212121,3.680544955,-0.139661493,-16.555083063,3.680544955
5.368000,0.800000,121.212121,3.670762855,-0.337627055,-16.459215123,3.670762855
5.369000,0.800000,121.212121,3.662210010,-0.510715531,-16.249730597,3.662210010
5.370000,0.800000,121.212121,3.667298318,-0.536389361,-16.066570672,3.667298318
5.371000,0.800000,121.212121,3.688203408,-0.586359324,-16.182544064,3.688203408
5.372000,0.800000,121.212121,3.688203408,-0.586359324,-16.182544064,3.688203408
5.373000,0.800000,121.212121,3.688203408,-0.586359324,-16.182544064,3.688203408
5.374000,0.800000,121.212121,3.688203408,-0.586359324,-16.182544064,3.688203408
5.375000,0.800000,121.212121,3.688203408,-0.586359324,-16.182544064,3.688203408
5.376000,0.800000,121.212121,3.656357644,-0.384774858,-16.564803180,3.656357644
5.377000,0.800000,121.212121,3.674747752,-0.551938566,-16.404881920,3.674747752
5.378000,0.800000,121.212121,3.690826891,-0.572432157,-16.453552518,3.690826891
5.379000,0.800000,121.212121,3.698602281,-0.590350447,-16.496106988,3.698602281
5.380000,0.800000,121.212121,3.692834216,-0.543185206,-16.533313906,3.692834216
5.381000,0.800000,121.212121,3.695158311,-0.403058943,-16.295920713,3.695158311
5.382000,0.800000,121.212121,3.696106213,-0.505093152,-16.358283780,3.696106213
5.383000,0.800000,121.212121,3.696934999,-0.594305365,-16.349978220,3.696934999
5.384000,0.800000,121.212121,3.697659636,-0.672306840,-16.342716367,3.697659636
5.385000,0.800000,121.212121,3.698293212,-0.552010801,-16.399198918,3.698293212
5.386000,0.800000,121.212121,3.698541949,-0.535469499,-16.373994515,3.698541949
5.387000,0.800000,121.212121,3.692781465,-0.558032654,-16.300882833,3.692781465
5.388000,0.800000,121.212121,3.712877606,-0.703424145,-16.488286047,3.712877606
5.389000,0.800000,121.212121,3.724165207,-0.767713350,-16.526475773,3.724165207
5.390000,0.800000,121.212121,3.740317551,-0.698260029,-16.685530143,3.740317551
5.391000,0.800000,121.212121,3.747938460,-0.600231276,-16.694861071,3.747938460
5.392000,0.800000,121.212121,3.723404257,-0.740319932,-16.644259961,3.723404257
5.393000,0.800000,121.212121,3.714519484,-0.799972675,-16.725681280,3.714519484
5.394000,0.800000,121.212121,3.719317575,-0.726465528,-16.734039041,3.719317575
5.395000,0.800000,121.212121,3.710946349,-0.536531855,-16.615682829,3.710946349
5.396000,0.800000,121.212121,3.698017150,-0.350932210,-16.366784470,3.698017150
5.397000,0.800000,121.212121,3.692322615,-0.459516858,-16.357410681,3.692322615
5.398000,0.800000,121.212121,3.692322615,-0.459516858,-16.357410681,3.692322615
5.399000,0.800000,121.212121,3.692322615,-0.459516858,-16.357410681,3.692322615
5.400000,0.800000,121.212121,3.692322615,-0.459516858,-16.357410681,3.692322615
5.401000,0.800000,121.212121,3.680818154,-0.831060947,-16.080999015,3.680818154
5.402000,0.800000,121.212121,3.677284908,-0.942142691,-16.233201792,3.677284908
5.403000,0.800000,121.212121,3.680478848,-1.164929198,-16.240614498,3.680478848
5.404000,0.800000,121.212121,3.670705055,-1.171223967,-16.184263843,3.670705055
5.405000,0.800000,121.212121,3.668442659,-1.113895860,-16.134994420,3.668442659
5.406000,0.800000,121.212121,3.676511845,-1.012050859,-15.881547484,3.676511845
5.407000,0.800000,121.212121,3.660953375,-0.974725034,-15.807486668,3.660953375
5.408000,0.800000,121.212121,3.653633226,-0.942089710,-15.805564461,3.653633226
5.409000,0.800000,121.212121,3.653516139,-0.976387316,-15.866715658,3.653516139
5.410000,0.800000,121.212121,3.647130580,-1.069206810,-15.857350517,3.647130580
5.411000,0.800000,121.212121,3.631172308,-1.331191759,-15.598571192,3.631172308
5.412000,0.800000,121.212121,3.627594558,-1.379425212,-15.371574666,3.627594558
5.413000,0.800000,121.212121,3.630749586,-1.358765617,-15.173103364,3.630749586
5.414000,0.800000,121.212121,3.633508142,-1.277870331,-15.188068261,3.633508142
5.415000,0.800000,121.212121,3.648486418,-1.332804352,-15.201152614,3.648486418
5.416000,0.800000,121.212121,3.660466450,-1.784029991,-15.214699571,3.660466450
5.417000,0.800000,121.212121,3.653207489,-1.838189966,-15.287269187,3.653207489
5.418000,0.800000,121.212121,3.659427087,-1.822712145,-15.413551290,3.659427087
5.419000,0.800000,121.212121,3.658581922,-1.746347472,-15.649628022,3.658581922
5.420000,0.800000,121.212121,3.651559778,-1.805242772,-15.793206623,3.651559778
5.421000,0.800000,121.212121,3.664395060,-1.736951896,-15.973567102,3.664395060
5.422000,0.800000,121.212121,3.669208786,-1.797027880,-16.139270171,3.669208786
5.423000,0.800000,121.212121,3.669208786,-1.797027880,-16.139270171,3.669208786
5.424000,0.800000,121.212121,3.669208786,-1.797027880,-16.139270171,3.669208786
5.425000,0.800000,121.212121,3.659827103,-1.424408325,-15.994688482,3.659827103
5.426000,0.800000,121.212121,3.653450535,-1.134238438,-15.810763953,3.653450535
5.427000,0.800000,121.212121,3.647073220,-1.207221775,-16.059757322,3.647073220
5.428000,0.800000,121.212121,3.654063673,-1.082538197,-16.151797556,3.654063673
5.429000,0.800000,121.212121,3.653892494,-0.973522818,-16.232271673,3.653892494
5.430000,0.800000,121.212121,3.660026012,-0.878206717,-16.428296820,3.660026012
5.431000,0.800000,121.212121,3.688927178,-0.957538711,-16.443279298,3.688927178
5.432000,0.800000,121.212121,3.696941293,-1.052726790,-16.361461033,3.696941293
5.433000,0.800000,121.212121,3.685098768,-1.135953183,-16.164260648,3.685098768
5.434000,0.800000,121.212121,3.681027604,-1.145889186,-16.117504900,3.681027604
5.435000,0.800000,121.212121,3.691174524,-0.696749229,-16.182334287,3.691174524
5.436000,0.800000,121.212121,3.692623044,-0.761877228,-16.133307339,3.692623044
5.437000,0.800000,121.212121,3.668756796,-0.881652855,-16.153273152,3.668756796
5.438000,0.800000,121.212121,3.660456040,-0.923545179,-16.107898134,3.660456040
5.439000,0.800000,121.212121,3.646915202,-1.023005012,-16.131056961,3.646915202
5.440000,0.800000,121.212121,3.653771695,-0.707032037,-16.349609530,3.653771695
5.441000,0.800000,121.212121,3.659920393,-0.582372301,-16.468057714,3.659920393
5.442000,0.800000,121.212121,3.659013237,-0.536209623,-16.508789408,3.659013237
5.443000,0.800000,121.212121,3.664503263,-0.307352359,-16.418738899,3.664503263
5.444000,0.800000,121.212121,3.650453836,-0.170086000,-16.402836325,3.650453836
5.445000,0.800000,121.212121,3.639996003,-0.533973970,-16.612311226,3.639996003
5.446000,0.800000,121.212121,3.647875805,-0.493893205,-16.509251783,3.647875805
5.447000,0.800000,121.212121,3.647875805,-0.493893205,-16.509251783,3.647875805
5.448000,0.800000,121.212121,3.667072412,-0.074904771,-16.403189794,3.667072412
5.449000,0.800000,121.212121,3.677832878,-0.092512343,-16.326409324,3.677832878
5.450000,0.800000,121.212121,3.707243934,0.067127922,-16.318349494,3.707243934
5.451000,0.800000,121.212121,3.694106741,-0.031159859,-16.252230371,3.694106741
5.452000,0.800000,121.212121,3.670054046,-0.054264579,-16.508579287,3.670054046
5.453000,0.800000,121.212121,3.649023902,-0.262961434,-16.607050743,3.649023902
5.454000,0.800000,121.212121,3.630636484,-0.382600815,-16.504652351,3.630636484
5.455000,0.800000,121.212121,3.631129536,-0.562874496,-16.226969502,3.631129536
5.456000,0.800000,121.212121,3.621273976,-0.456330131,-16.172333527,3.621273976
5.457000,0.800000,121.212121,3.612656901,-0.426006380,-16.124563312,3.612656901
5.458000,0.800000,121.212121,3.605122680,-0.399493223,-16.208459785,3.605122680
5.459000,0.800000,121.212121,3.604818423,-0.376311807,-16.281813516,3.604818423
5.460000,0.800000,121.212121,3.604818423,-0.376311807,-16.281813516,3.604818423
5.461000,0.800000,121.212121,3.597142907,-0.971231345,-16.064517570,3.597142907
5.462000,0.800000,121.212121,3.597841417,-1.190362464,-16.155959614,3.597841417
5.463000,0.800000,121.212121,3.623584892,-1.319124901,-16.173078858,3.623584892
5.464000,0.800000,121.212121,3.639810160,-1.431706573,-16.250878687,3.639810160
5.465000,0.800000,121.212121,3.671893751,-0.964533479,-16.142841022,3.671893751
5.466000,0.800000,121.212121,3.682048350,-0.933178864,-16.224440650,3.682048350
5.467000,0.800000,121.212121,3.697210069,-0.842932533,-16.295786167,3.697210069
5.468000,0.800000,121.212121,3.697900139,-0.638363184,-16.295334288,3.697900139
5.469000,0.800000,121.212121,3.704786678,-0.522332631,-16.232107341,3.704786678
5.470000,0.800000,121.212121,3.710578723,-0.504885924,-16.238363344,3.710578723
5.471000,0.800000,121.212121,3.722155210,-0.531292325,-16.245127430,3.722155210
5.472000,0.800000,121.212121,3.732276952,-0.617212252,-16.313873369,3.732276952
5.473000,0.800000,121.212121,3.732276952,-0.617212252,-16.313873369,3.732276952
5.474000,0.800000,121.212121,3.732276952,-0.617212252,-16.313873369,3.732276952
5.475000,0.800000,121.212121,3.732276952,-0.617212252,-16.313873369,3.732276952
5.476000,0.800000,121.212121,3.779919508,-0.772964043,-16.714454506,3.779919508
5.477000,0.800000,121.212121,3.795348745,-0.954178312,-16.787054918,3.795348745
5.478000,0.800000,121.212121,3.802555902,-1.175452378,-16.787700241,3.802555902
5.479000,0.800000,121.212121,3.796291010,-0.991929206,-16.725432616,3.796291010
5.480000,0.800000,121.212121,3.780530487,-0.816835093,-16.796092610,3.780530487
5.481000,0.800000,121.212121,3.770750205,-0.866872658,-16.795602223,3.770750205
5.482000,0.800000,121.212121,3.755915764,-0.847790464,-16.795173459,3.755915764
5.483000,0.800000,121.212121,3.749228660,-0.893938062,-16.731966723,3.749228660
5.484000,0.800000,121.212121,3.743381881,-0.934286582,-16.613870926,3.743381881
5.485000,0.800000,121.212121,3.722023377,-1.055345916,-16.475271674,3.722023377
5.486000,0.800000,121.212121,3.713312130,-1.012579473,-16.515096834,3.713312130
5.487000,0.800000,121.212121,3.713312130,-1.012579473,-16.515096834,3.713312130
5.488000,0.800000,121.212121,3.728872926,-1.005325670,-16.635298487,3.728872926
5.489000,0.800000,121.212121,3.731867310,-0.968844957,-16.717845938,3.731867310
5.490000,0.800000,121.212121,3.720293657,-0.909060356,-16.790292868,3.720293657
5.491000,0.800000,121.212121,3.730649329,-0.947508552,-17.041858710,3.730649329
5.492000,0.800000,121.212121,3.733420483,-0.981125206,-17.010484444,3.733420483
5.493000,0.800000,121.212121,3.729560219,-0.822021907,-16.920220931,3.729560219
5.494000,0.800000,121.212121,3.719901865,-0.620080265,-16.778468412,3.719901865
5.495000,0.800000,121.212121,3.739404158,-0.823042196,-16.663932372,3.739404158
5.496000,0.800000,121.212121,3.747358333,-0.809467900,-16.428722318,3.747358333
5.497000,0.800000,121.212121,3.748029773,-0.797599400,-16.348733337,3.748029773
5.498000,0.800000,121.212121,3.736050466,-0.787222340,-16.404459774,3.736050466
5.499000,0.800000,121.212121,3.736050466,-0.787222340,-16.404459774,3.736050466
5.500000,0.800000,121.212121,3.736050466,-0.787222340,-16.404459774,3.736050466
5.501000,0.800000,121.212121,3.720239150,-0.628041782,-16.074232396,3.720239150
5.502000,0.800000,121.212121,3.711752115,-0.764635667,-16.101621786,3.711752115
5.503000,0.800000,121.212121,3.698048408,-0.695569099,-15.999905617,3.698048408
5.504000,0.800000,121.212121,3.686066759,-0.949340957,-15.973803331,3.686066759
5.505000,0.800000,121.212121,3.677418464,-1.121790612,-15.805363194,3.677418464
5.506000,0.800000,121.212121,3.668029251,-1.133506336,-15.740875977,3.668029251
5.507000,0.800000,121.212121,3.659819920,-1.080917966,-15.747324317,3.659819920
5.508000,0.800000,121.212121,3.646359020,-1.034938045,-15.878626040,3.646359020
5.509000,0.800000,121.212121,3.653439222,-0.994736131,-15.867764196,3.653439222
5.510000,0.800000,121.212121,3.641488654,-0.928853225,-15.904899972,3.641488654
5.511000,0.800000,121.212121,3.660207776,-0.912882452,-15.756660722,3.660207776
5.512000,0.800000,121.212121,3.646698136,-0.825186643,-15.698293639,3.646698136
5.513000,0.800000,121.212121,3.643408090,-0.987734312,-15.657577818,3.643408090
5.514000,0.800000,121.212121,3.638292746,-1.079127901,-15.737325565,3.638292746
5.515000,0.800000,121.212121,3.646386586,-1.096204779,-15.744220063,3.646386586
5.516000,0.800000,121.212121,3.659746509,-1.048303861,-15.750248172,3.659746509
5.517000,0.800000,121.212121,3.665144390,-0.943590496,-15.755518766,3.665144390
5.518000,0.800000,121.212121,3.662213635,-0.889754231,-15.826988071,3.662213635
5.519000,0.800000,121.212121,3.661018302,-0.804964800,-15.948278952,3.661018302
5.520000,0.800000,121.212121,3.653689994,-0.667998471,-15.928664264,3.653689994
5.521000,0.800000,121.212121,3.653565773,-0.422580131,-15.911514432,3.653565773
5.522000,0.800000,121.212121,3.653565773,-0.422580131,-15.911514432,3.653565773
5.523000,0.800000,121.212121,3.653565773,-0.422580131,-15.911514432,3.653565773
5.524000,0.800000,121.212121,3.631868350,-0.178414755,-16.408226239,3.631868350
5.525000,0.800000,121.212121,3.628203133,-0.245846733,-16.330812871,3.628203133
5.526000,0.800000,121.212121,3.648793969,-0.055025127,-16.207141009,3.648793969
5.527000,0.800000,121.212121,3.643001815,-0.075130849,-16.217828609,3.643001815
5.528000,0.800000,121.212121,3.637937525,-0.092710012,-16.164341313,3.637937525
5.529000,0.800000,121.212121,3.635921351,-0.302118624,-16.320118048,3.635921351
5.530000,0.800000,121.212121,3.638030004,-0.165509955,-16.442272241,3.638030004
5.531000,0.800000,121.212121,3.639873675,-0.108899891,-16.486244232,3.639873675
5.532000,0.800000,121.212121,3.654052035,0.003428195,-16.650354247,3.654052035
5.533000,0.800000,121.212121,3.653882319,0.227304424,-16.793841588,3.653882319
5.534000,0.800000,121.212121,3.642616954,-0.065374806,-17.272420408,3.642616954
5.535000,0.800000,121.212121,3.650167398,-0.021348096,-17.337736610,3.650167398
5.536000,0.800000,121.212121,3.663052210,0.142809760,-17.394844936,3.663052210
5.537000,0.800000,121.212121,3.661751499,0.160675226,-17.256281260,3.661751499
5.538000,0.800000,121.212121,3.673180610,0.176295651,-17.323625567,3.673180610
5.539000,0.800000,121.212121,3.691910640,0.201894407,-17.190557706,3.691910640
5.540000,0.800000,121.212121,3.699549842,0.023839518,-17.077665520,3.699549842
5.541000,0.800000,121.212121,3.699945888,-0.257504040,-17.104623490,3.699945888
5.542000,0.800000,121.212121,3.687725795,-0.252165512,-17.065361969,3.687725795
5.543000,0.800000,121.212121,3.695890880,-0.373161549,-17.031034196,3.695890880
5.544000,0.800000,121.212121,3.710061391,-0.155313963,-17.218209561,3.710061391
5.545000,0.800000,121.212121,3.709136517,-0.099985166,-17.290338100,3.709136517
5.546000,0.800000,121.212121,3.709136517,-0.099985166,-17.290338100,3.709136517
5.547000,0.800000,121.212121,3.709136517,-0.099985166,-17.290338100,3.709136517
5.548000,0.800000,121.212121,3.701509032,0.027669372,-17.157392879,3.701509032
5.549000,0.800000,121.212121,3.708073081,-0.084429218,-16.961502153,3.708073081
5.550000,0.800000,121.212121,3.713681250,-0.163671766,-17.065889495,3.713681250
5.551000,0.800000,121.212121,3.709349993,0.117668527,-17.291932683,3.709349993
5.552000,0.800000,121.212121,3.702231331,0.013029627,-17.417628754,3.702231331
5.553000,0.800000,121.212121,3.708573596,-0.141291814,-17.527529390,3.708573596
5.554000,0.800000,121.212121,3.701552499,-0.339052504,-17.686451359,3.701552499
5.555000,0.800000,121.212121,3.697119076,-0.356879190,-17.640629138,3.697119076
5.556000,0.800000,121.212121,3.704103766,-0.213389106,-17.534011160,3.704103766
5.557000,0.800000,121.212121,3.703927549,-0.150762370,-17.629286752,3.703927549
5.558000,0.800000,121.212121,3.703773476,-0.096005543,-17.775421513,3.703773476
5.559000,0.800000,121.212121,3.703638765,-0.048129661,-17.777528732,3.703638765
5.560000,0.800000,121.212121,3.714405234,-0.024606824,-18.024413772,3.714405234
5.561000,0.800000,121.212121,3.706651311,-0.111366876,-18.058063555,3.706651311
5.562000,0.800000,121.212121,3.687305404,-0.312888044,-18.087484780,3.687305404
5.563000,0.800000,121.212121,3.670390576,-0.300589757,-18.050376973,3.670390576
5.564000,0.800000,121.212121,3.680734069,-0.164173211,-18.017932270,3.680734069
5.565000,0.800000,121.212121,3.696895419,-0.184045472,-18.082529905,3.696895419
5.566000,0.800000,121.212121,3.703908215,-0.502097285,-18.171708452,3.703908215
5.567000,0.800000,121.212121,3.710039757,-0.591685969,-18.124016786,3.710039757
5.568000,0.800000,121.212121,3.715400787,-0.418689194,-18.145150084,3.715400787
5.569000,0.800000,121.212121,3.720088130,-0.393095542,-18.037963988,3.720088130
5.570000,0.800000,121.212121,3.720088130,-0.393095542,-18.037963988,3.720088130
5.571000,0.800000,121.212121,3.720088130,-0.393095542,-18.037963988,3.720088130
5.572000,0.800000,121.212121,3.690769086,-0.334045898,-17.823897872,3.690769086
5.573000,0.800000,121.212121,3.659038756,-0.368843187,-17.572997851,3.659038756
5.574000,0.800000,121.212121,3.646558864,-0.395444460,-17.514753218,3.646558864
5.575000,0.800000,121.212121,3.654288856,-0.415780175,-17.517267782,3.654288856
5.576000,0.800000,121.212121,3.654089380,-0.390552081,-17.488983703,3.654089380
5.577000,0.800000,121.212121,3.641348600,-0.556989802,-17.464253906,3.641348600
5.578000,0.800000,121.212121,3.630208874,-0.576848636,-17.568295453,3.630208874
5.579000,0.800000,121.212121,3.617446705,-0.491625275,-17.432535184,3.617446705
5.580000,0.800000,121.212121,3.621876950,-0.456866204,-17.477730770,3.621876950
5.581000,0.800000,121.212121,3.613184104,-0.363643235,-17.517246911,3.613184104
5.582000,0.800000,121.212121,3.605583633,-0.156471302,-17.614629161,3.605583633
5.583000,0.800000,121.212121,3.598938265,-0.038165216,-17.574110290,3.598938265
5.584000,0.800000,121.212121,3.582554218,-0.197589240,-17.452771785,3.582554218
5.585000,0.800000,121.212121,3.572519626,-0.262611681,-17.432592511,3.572519626
5.586000,0.800000,121.212121,3.570029204,-0.193799454,-17.414949040,3.570029204
5.587000,0.800000,121.212121,3.567851738,-0.196466280,-17.336690860,3.567851738
5.588000,0.800000,121.212121,3.565947900,-0.261629836,-17.393930599,3.565947900
5.589000,0.800000,121.212121,3.580098309,-0.321379402,-17.417007561,3.580098309
5.590000,0.800000,121.212121,3.582938707,-0.559341471,-17.338490700,3.582938707
5.591000,0.800000,121.212121,3.591705355,-0.578904785,-17.269840558,3.591705355
5.592000,0.800000,121.212121,3.593087168,-0.470345995,-17.084153542,3.593087168
5.593000,0.800000,121.212121,3.588012153,-0.501092811,-16.984632497,3.588012153
5.594000,0.800000,121.212121,3.588012153,-0.501092811,-16.984632497,3.588012153
5.595000,0.800000,121.212121,3.588012153,-0.501092811,-16.984632497,3.588012153
5.596000,0.800000,121.212121,3.584423671,-0.969960989,-16.751252159,3.584423671
5.597000,0.800000,121.212121,3.599286898,-0.937924333,-16.693564736,3.599286898
5.598000,0.800000,121.212121,3.576865573,-0.675513839,-16.553564898,3.576865573
5.599000,0.800000,121.212121,3.586395393,-0.680478503,-16.520719589,3.586395393
5.600000,0.800000,121.212121,3.583952878,-0.924150641,-16.647492563,3.583952878
5.601000,0.800000,121.212121,3.586308897,-0.835038830,-16.602843955,3.586308897
5.602000,0.800000,121.212121,3.594652034,-0.819956993,-16.563806057,3.594652034
5.603000,0.800000,121.212121,3.595663557,-0.743938542,-16.718169365,3.595663557
5.604000,0.800000,121.212121,3.602831153,-0.551809145,-16.727471101,3.602831153
5.605000,0.800000,121.212121,3.626354214,-0.598147193,-16.507178744,3.626354214
5.606000,0.800000,121.212121,3.642231480,-0.612834037,-16.291666931,3.642231480
5.607000,0.800000,121.212121,3.637263993,-0.625675277,-16.228900838,3.637263993
5.608000,0.800000,121.212121,3.626637554,-0.699734693,-16.236854017,3.626637554
5.609000,0.800000,121.212121,3.617346472,-0.890151234,-16.243807771,3.617346472
5.610000,0.800000,121.212121,3.602120246,-1.037397400,-16.255203584,3.602120246
5.611000,0.800000,121.212121,3.595910100,-1.185381994,-16.259851463,3.595910100
5.612000,0.800000,121.212121,3.596763529,-1.126274736,-16.201083420,3.596763529
5.613000,0.800000,121.212121,3.597509714,-1.074595115,-16.086868533,3.597509714
5.614000,0.800000,121.212121,3.591878945,-0.840914188,-16.175501872,3.591878945
5.615000,0.800000,121.212121,3.595217609,-0.819157578,-16.320754209,3.595217609
5.616000,0.800000,121.212121,3.596158060,-0.743239584,-16.442828460,3.596158060
5.617000,0.800000,121.212121,3.596158060,-0.743239584,-16.442828460,3.596158060
5.618000,0.800000,121.212121,3.596158060,-0.743239584,-16.442828460,3.596158060
5.619000,0.800000,121.212121,3.596158060,-0.743239584,-16.442828460,3.596158060
5.620000,0.800000,121.212121,3.564477376,-0.597680011,-16.400772293,3.564477376
5.621000,0.800000,121.212121,3.583435727,-0.375716693,-16.356870643,3.583435727
5.622000,0.800000,121.212121,3.579573547,-0.481186831,-16.097415251,3.579573547
5.623000,0.800000,121.212121,3.551063962,-0.573403200,-15.933395837,3.551063962
5.624000,0.800000,121.212121,3.544986553,-0.591199466,-16.041315124,3.544986553
5.625000,0.800000,121.212121,3.576640485,-0.549636453,-16.037573401,3.576640485
5.626000,0.800000,121.212121,3.579915406,-0.570419336,-16.069569496,3.579915406
5.627000,0.800000,121.212121,3.582778788,-0.777086124,-16.034712989,3.582778788
5.628000,0.800000,121.212121,3.591565532,-0.832118692,-16.129900387,3.591565532
5.629000,0.800000,121.212121,3.599248102,-0.880235663,-16.024630624,3.599248102
5.630000,0.800000,121.212121,3.611048730,-0.904153597,-15.616578465,3.611048730
5.631000,0.800000,121.212121,3.609999783,-0.880386542,-15.764310196,3.609999783
5.632000,0.800000,121.212121,3.609082651,-0.922437996,-15.893477411,3.609082651
5.633000,0.800000,121.212121,3.608280769,-0.896373256,-16.006412995,3.608280769
5.634000,0.800000,121.212121,3.595013284,-0.873583907,-15.979492968,3.595013284
5.635000,0.800000,121.212121,3.566197772,-0.773404864,-16.006103959,3.566197772
5.636000,0.800000,121.212121,3.545652221,-0.766068179,-15.979222767,3.545652221
5.637000,0.800000,121.212121,3.540254872,-0.822485302,-15.892887712,3.540254872
5.638000,0.800000,121.212121,3.548102143,-0.997476547,-15.817401840,3.548102143
5.639000,0.800000,121.212121,3.548680113,-1.213309596,-15.751401803,3.548680113
5.640000,0.800000,121.212121,3.537060918,-1.378521292,-15.698177095,3.537060918
5.641000,0.800000,121.212121,3.532743183,-1.483638993,-15.584327428,3.532743183
5.642000,0.800000,121.212121,3.535251216,-1.449883508,-15.547616385,3.535251216
5.643000,0.800000,121.212121,3.524877710,-1.608865422,-15.389854882,3.524877710
5.644000,0.800000,121.212121,3.528374148,-1.747869080,-15.377581980,3.528374148
5.645000,0.800000,121.212121,3.517623260,-1.677300410,-15.223909755,3.517623260
5.646000,0.800000,121.212121,3.528314504,-1.619208714,-14.918330867,3.528314504
5.647000,0.800000,121.212121,3.543945432,-1.505585182,-14.588320302,3.543945432
5.648000,0.800000,121.212121,3.543945432,-1.505585182,-14.588320302,3.543945432
5.649000,0.800000,121.212121,3.533441425,-1.790451002,-14.707066555,3.533441425
5.650000,0.800000,121.212121,3.537188293,-1.466421025,-14.907716125,3.537188293
5.651000,0.800000,121.212121,3.532854552,-1.246333655,-14.893198713,3.532854552
5.652000,0.800000,121.212121,3.541631775,-1.116735132,-14.880505613,3.541631775
5.653000,0.800000,121.212121,3.543022835,-1.191918000,-14.806575721,3.543022835
5.654000,0.800000,121.212121,3.550522274,-1.131989403,-14.804767987,3.550522274
5.655000,0.800000,121.212121,3.532975567,-1.041674088,-14.684037450,3.532975567
5.656000,0.800000,121.212121,3.516604842,-1.251953110,-14.634796476,3.516604842
5.657000,0.800000,121.212121,3.502291323,-1.121648426,-14.591743305,3.502291323
5.658000,0.800000,121.212121,3.508626050,-0.944886459,-14.616932209,3.508626050
5.659000,0.800000,121.212121,3.514164731,-1.041664467,-14.576123928,3.514164731
5.660000,0.800000,121.212121,3.546795128,-1.192368608,-14.383583602,3.546795128
5.661000,0.800000,121.212121,3.553820527,-1.195215240,-14.246435066,3.553820527
5.662000,0.800000,121.212121,3.553679903,-1.260536006,-14.377848536,3.553679903
5.663000,0.800000,121.212121,3.547273765,-1.317648322,-14.492748102,3.547273765
5.664000,0.800000,121.212121,3.535389461,-1.304751841,-14.530377110,3.535389461
5.665000,0.800000,121.212121,3.516703028,-1.165849060,-14.230843785,3.516703028
5.666000,0.800000,121.212121,3.514943541,-1.046364530,-14.238552807,3.514943541
5.667000,0.800000,121.212121,3.507121973,-1.004726722,-14.182461231,3.507121973
5.668000,0.800000,121.212121,3.507121973,-1.004726722,-14.182461231,3.507121973
5.669000,0.800000,121.212121,3.507121973,-1.004726722,-14.182461231,3.507121973
5.670000,0.800000,121.212121,3.507121973,-1.004726722,-14.182461231,3.507121973
5.671000,0.800000,121.212121,3.488613410,-1.675249195,-14.049486533,3.488613410
5.672000,0.800000,121.212121,3.490383769,-1.491751556,-14.017153726,3.490383769
5.673000,0.800000,121.212121,3.491931658,-1.394144763,-14.051715833,3.491931658
5.674000,0.800000,121.212121,3.499568218,-1.434467308,-14.081934737,3.499568218
5.675000,0.800000,121.212121,3.512083016,-1.689043464,-14.194289337,3.512083016
5.676000,0.800000,121.212121,3.529753653,-1.755139799,-14.206591927,3.529753653
5.677000,0.800000,121.212121,3.532637361,-1.938593929,-14.217348527,3.532637361
5.678000,0.800000,121.212121,3.541441878,-2.098994533,-14.101089706,3.541441878
5.679000,0.800000,121.212121,3.555423171,-2.050743044,-14.062272254,3.555423171
5.680000,0.800000,121.212121,3.549288497,-1.908836638,-14.163466711,3.549288497
5.681000,0.800000,121.212121,3.543434199,-1.884481094,-13.991147026,3.543434199
5.682000,0.800000,121.212121,3.538315574,-1.863186159,-13.840481672,3.538315574
5.683000,0.800000,121.212121,3.527556990,-1.844567224,-13.708749484,3.527556990
5.684000,0.800000,121.212121,3.518150368,-1.828288013,-13.467907545,3.518150368
5.685000,0.800000,121.212121,3.513722029,-1.990105198,-13.371583614,3.513722029
5.686000,0.800000,121.212121,3.506053960,-1.955537146,-13.424438601,3.506053960
5.687000,0.800000,121.212121,3.505632675,-1.988144896,-13.533483486,3.505632675
5.688000,0.800000,121.212121,3.517830700,-2.079486889,-13.565993535,3.517830700
5.689000,0.800000,121.212121,3.522212691,-2.033686803,-13.531586397,3.522212691
5.690000,0.800000,121.212121,3.529393899,-1.903693440,-13.357431948,3.529393899
5.691000,0.800000,121.212121,3.519756445,-1.942816063,-13.349233432,3.519756445
5.692000,0.800000,121.212121,3.505046884,-1.914190539,-13.467728878,3.505046884
5.693000,0.800000,121.212121,3.504752151,-2.014825911,-13.634165600,3.504752151
5.694000,0.800000,121.212121,3.504752151,-2.014825911,-13.634165600,3.504752151
5.695000,0.800000,121.212121,3.504752151,-2.014825911,-13.634165600,3.504752151
5.696000,0.800000,121.212121,3.539176202,-2.173797421,-13.466163498,3.539176202
5.697000,0.800000,121.212121,3.553442209,-2.116145923,-13.569965078,3.553442209
5.698000,0.800000,121.212121,3.572198682,-2.002907274,-13.660722568,3.572198682
5.699000,0.800000,121.212121,3.587807069,-1.955476590,-13.939853476,3.587807069
5.700000,0.800000,121.212121,3.589678755,-1.988091950,-13.984129419,3.589678755
5.701000,0.800000,121.212121,3.616299680,-1.743174113,-14.111625014,3.616299680
5.702000,0.800000,121.212121,3.614590879,-1.613972630,-13.882988096,3.614590879
5.703000,0.800000,121.212121,3.606813628,-1.563838937,-13.808746246,3.606813628
5.704000,0.800000,121.212121,3.612580065,-1.582837084,-13.743833903,3.612580065
5.705000,0.800000,121.212121,3.598772314,-1.725111558,-13.687078685,3.598772314
5.706000,0.800000,121.212121,3.576933737,-1.895439150,-13.782563780,3.576933737
5.707000,0.800000,121.212121,3.592738177,-1.998430891,-13.972269034,3.592738177
5.708000,0.800000,121.212121,3.600273388,-1.962816601,-14.138135224,3.600273388
5.709000,0.800000,121.212121,3.594295325,-1.931677736,-14.157494347,3.594295325
5.710000,0.800000,121.212121,3.582785303,-1.967283748,-14.237252584,3.582785303
5.711000,0.800000,121.212121,3.588265848,-2.025634891,-14.360064719,3.588265848
5.712000,0.800000,121.212121,3.590079882,-1.860938340,-14.351535359,3.590079882
5.713000,0.800000,121.212121,3.597949144,-1.716938168,-14.406909684,3.597949144
5.714000,0.800000,121.212121,3.604829525,-1.716697297,-14.329661759,3.604829525
5.715000,0.800000,121.212121,3.610845292,-1.716486695,-14.324952948,3.610845292
5.716000,0.800000,121.212121,3.602643944,-1.606269222,-14.497836023,3.602643944
5.717000,0.800000,121.212121,3.602643944,-1.606269222,-14.497836023,3.602643944
5.718000,0.800000,121.212121,3.602643944,-1.606269222,-14.497836023,3.602643944
5.719000,0.800000,121.212121,3.608940681,-1.749652298,-14.684935071,3.608940681
5.720000,0.800000,121.212121,3.607471123,-1.670767932,-14.702301844,3.607471123
5.721000,0.800000,121.212121,3.629111736,-1.390719000,-14.786305652,3.629111736
5.722000,0.800000,121.212121,3.632076110,-1.431472039,-14.849876983,3.632076110
5.723000,0.800000,121.212121,3.622101599,-1.467103900,-15.031123411,3.622101599
5.724000,0.800000,121.212121,3.605755369,-1.172193335,-15.453813809,3.605755369
5.725000,0.800000,121.212121,3.593259265,-1.245112737,-15.533513653,3.593259265
5.726000,0.800000,121.212121,3.588162623,-1.366995052,-15.503188057,3.588162623
5.727000,0.800000,121.212121,3.596272814,-1.473561183,-15.413841435,3.596272814
5.728000,0.800000,121.212121,3.597080664,-1.503903966,-15.461386147,3.597080664
5.729000,0.800000,121.212121,3.591503811,-1.467601910,-15.440124361,3.591503811
5.730000,0.800000,121.212121,3.613780389,-1.117637876,-15.593776100,3.613780389
5.731000,0.800000,121.212121,3.624954542,-1.004211742,-15.807205115,3.624954542
5.732000,0.800000,121.212121,3.622158140,-0.967871010,-15.868150142,3.622158140
5.733000,0.800000,121.212121,3.625996328,-0.810433282,-15.858604738,3.625996328
5.734000,0.800000,121.212121,3.629352196,-0.735611616,-15.913090698,3.629352196
5.735000,0.800000,121.212121,3.646628596,-0.612993851,-15.947446133,3.646628596
5.736000,0.800000,121.212121,3.641108551,-0.562983155,-15.990767954,3.641108551
5.737000,0.800000,121.212121,3.636282176,-0.582088842,-15.965813941,3.636282176
5.738000,0.800000,121.212121,3.638345486,-0.724457344,-15.943995742,3.638345486
5.739000,0.800000,121.212121,3.652715884,-0.723271586,-15.924919299,3.652715884
5.740000,0.800000,121.212121,3.651922922,-0.430856150,-16.011424842,3.651922922
5.741000,0.800000,121.212121,3.651922922,-0.430856150,-16.011424842,3.651922922
5.742000,0.800000,121.212121,3.645737573,-0.529397260,-16.046706861,3.645737573
5.743000,0.800000,121.212121,3.645737573,-0.529397260,-16.046706861,3.645737573
5.744000,0.800000,121.212121,3.618210023,-0.796888194,-15.915268299,3.618210023
5.745000,0.800000,121.212121,3.616136338,-1.013141654,-15.815551441,3.616136338
5.746000,0.800000,121.212121,3.627014434,-0.975678756,-15.749783932,3.627014434
5.747000,0.800000,121.212121,3.623959178,-0.880091731,-15.755112865,3.623959178
5.748000,0.800000,121.212121,3.615004671,-0.922180232,-15.759772144,3.615004671
5.749000,0.800000,121.212121,3.613458606,-0.896147883,-15.952341480,3.613458606
5.750000,0.800000,121.212121,3.617997668,-1.034085939,-15.734020212,3.617997668
5.751000,0.800000,121.212121,3.616075492,-0.931159251,-15.741330072,3.616075492
5.752000,0.800000,121.212121,3.614394863,-0.841166712,-15.433562083,3.614394863
5.753000,0.800000,121.212121,3.606642244,-0.950978528,-15.164469360,3.606642244
5.754000,0.800000,121.212121,3.612430218,-1.046990985,-15.054855532,3.612430218
5.755000,0.800000,121.212121,3.634481921,-0.968800177,-14.992988385,3.634481921
5.756000,0.800000,121.212121,3.636771458,-0.999741246,-15.030587198,3.636771458
5.757000,0.800000,121.212121,3.638773283,-0.838298587,-15.126293058,3.638773283
5.758000,0.800000,121.212121,3.627957181,-0.634311557,-15.335635871,3.627957181
5.759000,0.800000,121.212121,3.612217085,-0.707285706,-15.455840037,3.612217085
5.760000,0.800000,121.212121,3.609975816,-0.771939589,-15.236694733,3.609975816
5.761000,0.800000,121.212121,3.602778510,-0.953282595,-15.118004797,3.602778510
5.762000,0.800000,121.212121,3.602768830,-0.923341808,-15.077061731,3.602768830
5.763000,0.800000,121.212121,3.596477181,-0.834331638,-15.166927428,3.596477181
5.764000,0.800000,121.212121,3.597259349,-0.819338669,-15.182668416,3.597259349
5.765000,0.800000,121.212121,3.597751598,-0.841808674,-15.216360435,3.597751598
5.766000,0.800000,121.212121,3.598373618,-0.700212406,-15.288721341,3.598373618
5.767000,0.800000,121.212121,3.598373618,-0.700212406,-15.288721341,3.598373618
5.768000,0.800000,121.212121,3.598373618,-0.700212406,-15.288721341,3.598373618
5.769000,0.800000,121.212121,3.598373618,-0.700212406,-15.288721341,3.598373618
5.770000,0.800000,121.212121,3.590534974,-1.097643522,-15.108732908,3.590534974
5.771000,0.800000,121.212121,3.592063862,-1.175225512,-15.194618688,3.592063862
5.772000,0.800000,121.212121,3.580834253,-1.054562702,-15.144048037,3.580834253
5.773000,0.800000,121.212121,3.589865355,-1.074726535,-15.037000428,3.589865355
5.774000,0.800000,121.212121,3.580075544,-1.404817237,-14.907788332,3.580075544
5.775000,0.800000,121.212121,3.576635617,-1.380966786,-14.893261846,3.576635617
5.776000,0.800000,121.212121,3.576491881,-1.467544368,-14.806623985,3.576491881
5.777000,0.800000,121.212121,3.560935920,-1.561475100,-14.679146480,3.560935920
5.778000,0.800000,121.212121,3.559901149,-1.580770294,-14.630520123,3.559901149
5.779000,0.800000,121.212121,3.571562782,-1.283481518,-14.650836188,3.571562782
5.780000,0.800000,121.212121,3.581758971,-1.212046711,-14.731431114,3.581758971
5.781000,0.800000,121.212121,3.563138082,-1.503219567,-14.910550585,3.563138082
5.782000,0.800000,121.212121,3.561826579,-1.529835368,-14.895676984,3.561826579
5.783000,0.800000,121.212121,3.541830329,-1.678770235,-14.882672455,3.541830329
5.784000,0.800000,121.212121,3.549479623,-1.808989395,-14.682806564,3.549479623
5.785000,0.800000,121.212121,3.562450864,-1.797181026,-14.633720268,3.562450864
5.786000,0.800000,121.212121,3.553871346,-1.714997615,-14.663149973,3.553871346
5.787000,0.800000,121.212121,3.553724336,-1.715000601,-14.553701944,3.553724336
5.788000,0.800000,121.212121,3.553595800,-1.652171360,-14.395175707,3.553595800
5.789000,0.800000,121.212121,3.540917045,-1.597237473,-14.382234170,3.540917045
5.790000,0.800000,121.212121,3.523548365,-1.549206782,-14.245255209,3.523548365
5.791000,0.800000,121.212121,3.519427739,-1.525430244,-14.083605906,3.519427739
5.792000,0.800000,121.212121,3.517325855,-1.549254969,-14.235481091,3.517325855
5.793000,0.800000,121.212121,3.515488102,-1.695749497,-14.242607372,3.515488102
5.794000,0.800000,121.212121,3.501314916,-1.886666833,-14.248838138,3.501314916
5.795000,0.800000,121.212121,3.495205971,-1.865097229,-14.254285922,3.495205971
5.796000,0.800000,121.212121,3.507958667,-1.829748957,-14.019782025,3.507958667
5.797000,0.800000,121.212121,3.513581214,-1.815331865,-13.928350143,3.513581214
5.798000,0.800000,121.212121,3.505930841,-1.928390184,-13.911239784,3.505930841
5.799000,0.800000,121.212121,3.551276840,-2.258973541,-13.927691154,3.551276840
5.800000,0.800000,121.212121,3.557739050,-2.441945909,-13.973495458,3.557739050
5.801000,0.800000,121.212121,3.563389195,-2.601925291,-13.887880119,3.563389195
5.802000,0.800000,121.212121,3.566365469,-2.557835960,-13.574869486,3.566365469
5.803000,0.800000,121.212121,3.583497957,-2.389092903,-13.602178816,3.583497957
5.804000,0.800000,121.212121,3.604760698,-2.430050284,-13.500392649,3.604760698
5.805000,0.800000,121.212121,3.617068300,-2.528692661,-13.285733602,3.617068300
5.806000,0.800000,121.212121,3.615262911,-2.489275566,-13.035217554,3.615262911
5.807000,0.800000,121.212121,3.587961068,-2.314806480,-13.048703396,3.587961068
5.808000,0.800000,121.212121,3.570963846,-2.239435262,-13.204964560,3.570963846
5.809000,0.800000,121.212121,3.562385744,-2.173535470,-13.278757514,3.562385744
5.810000,0.800000,121.212121,3.554885598,-2.241580596,-13.468941078,3.554885598
5.811000,0.800000,121.212121,3.542044762,-2.301074920,-13.509561765,3.542044762
5.812000,0.800000,121.212121,3.538271617,-2.704837814,-13.466258617,3.538271617
5.813000,0.800000,121.212121,3.546368112,-2.643285666,-13.570048244,3.546368112
5.814000,0.800000,121.212121,3.540880801,-2.463804683,-13.597963430,3.540880801
5.815000,0.800000,121.212121,3.540880801,-2.463804683,-13.597963430,3.540880801
5.816000,0.800000,121.212121,3.540880801,-2.463804683,-13.597963430,3.540880801
5.817000,0.800000,121.212121,3.540880801,-2.463804683,-13.597963430,3.540880801
5.818000,0.800000,121.212121,3.594666779,-2.596111744,-13.914675898,3.594666779
5.819000,0.800000,121.212121,3.595676449,-2.673886223,-14.087779454,3.595676449
5.820000,0.800000,121.212121,3.590276055,-2.616223566,-14.113466470,3.590276055
5.821000,0.800000,121.212121,3.591837479,-2.502975160,-14.010261854,3.591837479
5.822000,0.800000,121.212121,3.588902725,-2.497983518,-13.951002443,3.588902725
5.823000,0.800000,121.212121,3.590636727,-2.336761741,-13.931045512,3.590636727
5.824000,0.800000,121.212121,3.593478411,-2.198215159,-14.133876133,3.593478411
5.825000,0.800000,121.212121,3.594637415,-2.137495238,-14.216602322,3.594637415
5.826000,0.800000,121.212121,3.602030409,-2.383395801,-14.352174022,3.602030409
5.827000,0.800000,121.212121,3.595831553,-2.299405394,-14.470299943,3.595831553
5.828000,0.800000,121.212121,3.596694853,-2.351633240,-14.636413575,3.596694853
5.829000,0.800000,121.212121,3.622582409,-2.271634234,-14.844484606,3.622582409
5.830000,0.800000,121.212121,3.632650468,-2.453015612,-14.775081248,3.632650468
5.831000,0.800000,121.212121,3.626385969,-2.632495438,-15.085374612,3.626385969
5.832000,0.800000,121.212121,3.635976059,-2.768529660,-15.174195682,3.635976059
5.833000,0.800000,121.212121,3.638077837,-2.573310052,-15.189023315,3.638077837
5.834000,0.800000,121.212121,3.639915497,-2.402622463,-15.327651358,3.639915497
5.835000,0.800000,121.212121,3.647805416,-2.379047816,-15.260363328,3.647805416
5.836000,0.800000,121.212121,3.624615442,-2.285477509,-15.283651078,3.624615442
5.837000,0.800000,121.212121,3.621861652,-2.339455584,-15.221892286,3.621861652
5.838000,0.800000,121.212121,3.619453913,-2.323818721,-15.042230627,3.619453913
5.839000,0.800000,121.212121,3.619453913,-2.323818721,-15.042230627,3.619453913
5.840000,0.800000,121.212121,3.619453913,-2.323818721,-15.042230627,3.619453913
5.841000,0.800000,121.212121,3.619453913,-2.323818721,-15.042230627,3.619453913
5.842000,0.800000,121.212121,3.634923513,-2.604074327,-15.236469346,3.634923513
5.843000,0.800000,121.212121,3.630874372,-2.618016345,-15.306303292,3.630874372
5.844000,0.800000,121.212121,3.621050877,-2.630206358,-15.430193499,3.621050877
5.845000,0.800000,121.212121,3.612461838,-2.766528234,-15.475683350,3.612461838
5.846000,0.800000,121.212121,3.592102933,-2.856373169,-15.503191643,3.592102933
5.847000,0.800000,121.212121,3.574585230,-2.650114820,-15.539508276,3.574585230
5.848000,0.800000,121.212121,3.580585265,-2.347932192,-15.969698556,3.580585265
5.849000,0.800000,121.212121,3.577081285,-2.582557540,-16.073055908,3.577081285
5.850000,0.800000,121.212121,3.586583998,-2.599203437,-16.100593139,3.586583998
5.851000,0.800000,121.212121,3.594892566,-2.550925696,-16.375997352,3.594892566
5.852000,0.800000,121.212121,3.602225462,-2.817216506,-16.528961946,3.602225462
5.853000,0.800000,121.212121,3.614851651,-2.741542435,-16.436376482,3.614851651
5.854000,0.800000,121.212121,3.619608000,-2.612545995,-16.292593797,3.619608000
5.855000,0.800000,121.212121,3.623766649,-2.436927873,-16.292543084,3.623766649
5.856000,0.800000,121.212121,3.627402707,-2.283378574,-16.229666890,3.627402707
5.857000,0.800000,121.212121,3.627078294,-2.275173675,-16.299329560,3.627078294
5.858000,0.800000,121.212121,3.630298198,-2.393278421,-16.172768699,3.630298198
5.859000,0.800000,121.212121,3.614263921,-2.433709834,-16.187775651,3.614263921
5.860000,0.800000,121.212121,3.612810941,-2.406228632,-16.389392334,3.612810941
5.861000,0.800000,121.212121,3.617823734,-2.319368967,-16.565673116,3.617823734
5.862000,0.800000,121.212121,3.632321885,-2.169127643,-16.611130378,3.632321885
5.863000,0.800000,121.212121,3.632321885,-2.169127643,-16.611130378,3.632321885
5.864000,0.800000,121.212121,3.632321885,-2.169127643,-16.611130378,3.632321885
5.865000,0.800000,121.212121,3.637599870,-1.993207525,-16.954738814,3.637599870
5.866000,0.800000,121.212121,3.633214408,-2.146745183,-17.059976063,3.633214408
5.867000,0.800000,121.212121,3.607967525,-2.398362734,-17.114670870,3.607967525
5.868000,0.800000,121.212121,3.594739403,-2.438155233,-17.199810464,3.594739403
5.869000,0.800000,121.212121,3.595739947,-2.410115406,-17.399914807,3.595739947
5.870000,0.800000,121.212121,3.596614759,-2.448431021,-17.637705150,3.596614759
5.871000,0.800000,121.212121,3.603662823,-2.356268047,-17.719950170,3.603662823
5.872000,0.800000,121.212121,3.633273181,-2.087463321,-17.674133455,3.633273181
5.873000,0.800000,121.212121,3.633273181,-2.087463321,-17.674133455,3.633273181
5.874000,0.800000,121.212121,3.626072443,-2.180339695,-17.647003912,3.626072443
5.875000,0.800000,121.212121,3.629418746,-2.247529777,-17.476753004,3.629418746
5.876000,0.800000,121.212121,3.619778170,-2.243444652,-17.327896455,3.619778170
5.877000,0.800000,121.212121,3.627532795,-2.111086241,-17.319486352,3.627532795
5.878000,0.800000,121.212121,3.636978770,-2.061315263,-17.316056221,3.636978770
5.879000,0.800000,121.212121,3.632671358,-2.080630543,-17.438720838,3.632671358
5.880000,0.800000,121.212121,3.628905232,-2.223182300,-17.545970965,3.628905232
5.881000,0.800000,121.212121,3.650745112,-2.536316034,-17.451248084,3.650745112
5.882000,0.800000,121.212121,3.679463560,-2.578407585,-17.539447933,3.679463560
5.883000,0.800000,121.212121,3.669817352,-2.721238687,-17.696872173,3.669817352
5.884000,0.800000,121.212121,3.661383322,-2.657625544,-17.646018340,3.661383322
5.885000,0.800000,121.212121,3.654009144,-2.727669971,-17.475891282,3.654009144
5.886000,0.800000,121.212121,3.647561632,-2.600416796,-17.515638580,3.647561632
5.887000,0.800000,121.212121,3.648772251,-2.635305990,-17.345240417,3.648772251
5.888000,0.800000,121.212121,3.648772251,-2.635305990,-17.345240417,3.648772251
5.889000,0.800000,121.212121,3.648772251,-2.635305990,-17.345240417,3.648772251
5.890000,0.800000,121.212121,3.643414540,-2.716913691,-17.152145310,3.643414540
5.891000,0.800000,121.212121,3.622837912,-2.771404153,-16.949594892,3.622837912
5.892000,0.800000,121.212121,3.623588673,-2.750228295,-16.731920545,3.623588673
5.893000,0.800000,121.212121,3.627247095,-2.808635917,-16.676662404,3.627247095
5.894000,0.800000,121.212121,3.636728973,-2.796871967,-16.628348206,3.636728973
5.895000,0.800000,121.212121,3.651302507,-2.849418172,-16.774600908,3.651302507
5.896000,0.800000,121.212121,3.645195122,-2.706865667,-16.839643100,3.645195122
5.897000,0.800000,121.212121,3.641469522,-2.771618485,-17.181770307,3.641469522
5.898000,0.800000,121.212121,3.636597785,-2.827338136,-17.132814231,3.636597785
5.899000,0.800000,121.212121,3.624667373,-2.907861763,-17.122831685,3.624667373
5.900000,0.800000,121.212121,3.628190242,-2.757965020,-17.081282055,3.628190242
5.901000,0.800000,121.212121,3.631270415,-2.626904857,-17.044953705,3.631270415
5.902000,0.800000,121.212121,3.633963521,-2.512314200,-16.761863098,3.633963521
5.903000,0.800000,121.212121,3.638376985,-2.324523002,-16.604197722,3.638376985
5.904000,0.800000,121.212121,3.633893869,-2.373594476,-16.690653410,3.633893869
5.905000,0.800000,121.212121,3.629974117,-2.416499446,-16.829076610,3.629974117
5.906000,0.800000,121.212121,3.626546936,-2.454012819,-17.075768743,3.626546936
5.907000,0.800000,121.212121,3.623550427,-2.486812122,-17.040133216,3.623550427
5.908000,0.800000,121.212121,3.624922933,-2.430691289,-17.036669875,3.624922933
5.909000,0.800000,121.212121,3.622130502,-2.592084969,-17.005947657,3.622130502
5.910000,0.800000,121.212121,3.613405794,-2.607533614,-17.041917960,3.613405794
5.911000,0.800000,121.212121,3.624627020,-2.432545366,-17.261863660,3.624627020
5.912000,0.800000,121.212121,3.624627020,-2.432545366,-17.261863660,3.624627020
5.913000,0.800000,121.212121,3.624627020,-2.432545366,-17.261863660,3.624627020
5.914000,0.800000,121.212121,3.624627020,-2.432545366,-17.261863660,3.624627020
5.915000,0.800000,121.212121,3.637458302,-2.718269363,-16.804303616,3.637458302
5.916000,0.800000,121.212121,3.633090630,-2.717861210,-16.802781403,3.633090630
5.917000,0.800000,121.212121,3.629271817,-2.717504346,-16.864282330,3.629271817
5.918000,0.800000,121.212121,3.653639902,-2.481383473,-17.082838087,3.653639902
5.919000,0.800000,121.212121,3.647238791,-2.322247719,-17.109146054,3.647238791
5.920000,0.800000,121.212121,3.641642067,-2.308773260,-17.320643622,3.641642067
5.921000,0.800000,121.212121,3.636748648,-2.296992052,-17.505563623,3.636748648
5.922000,0.800000,121.212121,3.651319710,-2.223859460,-17.541582185,3.651319710
5.923000,0.800000,121.212121,3.668126017,-2.276713944,-17.718377435,3.668126017
5.924000,0.800000,121.212121,3.664492981,-2.270078805,-17.916362885,3.664492981
5.925000,0.800000,121.212121,3.675577588,-2.325991938,-18.026422595,3.675577588
5.926000,0.800000,121.212121,3.672702891,-2.374878820,-17.871324382,3.672702891
5.927000,0.800000,121.212121,3.661708652,-2.698426382,-17.852685437,3.661708652
5.928000,0.800000,121.212121,3.660576777,-2.889007330,-17.970747091,3.660576777
5.929000,0.800000,121.212121,3.684719878,-2.992807317,-18.011140828,3.684719878
5.930000,0.800000,121.212121,3.705829069,-2.957899707,-18.046458537,3.705829069
5.931000,0.800000,121.212121,3.705436044,-2.676051304,-18.140169946,3.705436044
5.932000,0.800000,121.212121,3.722062374,-2.575357823,-18.175976202,3.722062374
5.933000,0.800000,121.212121,3.732195782,-2.592908463,-18.002084529,3.732195782
5.934000,0.800000,121.212121,3.734772604,-2.608253625,-17.912876580,3.734772604
5.935000,0.800000,121.212121,3.743308798,-2.621670457,-17.960542539,3.743308798
5.936000,0.800000,121.212121,3.743308798,-2.621670457,-17.960542539,3.743308798
5.937000,0.800000,121.212121,3.743308798,-2.621670457,-17.960542539,3.743308798
5.938000,0.800000,121.212121,3.782146309,-2.669181893,-17.928578114,3.782146309
5.939000,0.800000,121.212121,3.791012533,-2.674942253,-17.911439107,3.791012533
5.940000,0.800000,121.212121,3.786198224,-2.742810598,-17.770790145,3.786198224
5.941000,0.800000,121.212121,3.754754928,-2.673433382,-17.650166930,3.754754928
5.942000,0.800000,121.212121,3.748213698,-2.615827631,-17.542350399,3.748213698
5.943000,0.800000,121.212121,3.755060834,-2.691124539,-17.510914345,3.755060834
5.944000,0.800000,121.212121,3.761047534,-2.505631945,-17.797587927,3.761047534
5.945000,0.800000,121.212121,3.772565108,-2.469112745,-18.111068898,3.772565108
5.946000,0.800000,121.212121,3.778873741,-2.244456561,-18.389265546,3.778873741
5.947000,0.800000,121.212121,3.786775052,-1.999159768,-18.420899287,3.786775052
5.948000,0.800000,121.212121,3.807625981,-1.963453886,-18.593220790,3.807625981
5.949000,0.800000,121.212121,3.813290335,-2.057898642,-18.806719586,3.813290335
5.950000,0.800000,121.212121,3.811959700,-2.077643268,-18.993389333,3.811959700
5.951000,0.800000,121.212121,3.817079462,-1.969243005,-19.030937761,3.817079462
5.952000,0.800000,121.212121,3.825469731,-1.681724287,-19.029640281,3.825469731
5.953000,0.800000,121.212121,3.822608588,-1.748740376,-18.999801428,3.822608588
5.954000,0.800000,121.212121,3.813823801,-1.744503123,-18.973712236,3.813823801
5.955000,0.800000,121.212121,3.806142943,-1.677966485,-19.139397067,3.806142943
5.956000,0.800000,121.212121,3.786860920,-1.619791087,-19.158597622,3.786860920
5.957000,0.800000,121.212121,3.791381510,-1.877757299,-19.370663373,3.791381510
5.958000,0.800000,121.212121,3.799087204,-1.982971007,-19.360802147,3.799087204
5.959000,0.800000,121.212121,3.799087204,-1.982971007,-19.360802147,3.799087204
5.960000,0.800000,121.212121,3.799087204,-1.982971007,-19.360802147,3.799087204
5.961000,0.800000,121.212121,3.799087204,-1.982971007,-19.360802147,3.799087204
5.962000,0.800000,121.212121,3.798771191,-1.860915340,-18.982474063,3.798771191
5.963000,0.800000,121.212121,3.792981900,-1.842581764,-18.895730439,3.792981900
5.964000,0.800000,121.212121,3.800486483,-1.700888348,-19.008382899,3.800486483
5.965000,0.800000,121.212121,3.800764827,-1.765496210,-19.106879033,3.800764827
5.966000,0.800000,121.212121,3.813574565,-1.633489650,-19.130165925,3.813574565
5.967000,0.800000,121.212121,3.810223992,-1.370116780,-19.160432806,3.810223992
5.968000,0.800000,121.212121,3.815561870,-1.413458770,-19.114158079,3.815561870
5.969000,0.800000,121.212121,3.820228971,-1.262858687,-19.010866553,3.820228971
5.970000,0.800000,121.212121,3.811743215,-1.256847273,-18.920555023,3.811743215
5.971000,0.800000,121.212121,3.816890182,-1.314423130,-19.030087933,3.816890182
5.972000,0.800000,121.212121,3.858602048,-1.502198248,-19.503539016,3.858602048
5.973000,0.800000,121.212121,3.856422682,-1.018421823,-19.744230973,3.856422682
5.974000,0.800000,121.212121,3.849671877,-0.917463546,-19.813089564,3.849671877
5.975000,0.800000,121.212121,3.856335773,-1.017687620,-19.873295130,3.856335773
5.976000,0.800000,121.212121,3.862162259,-1.042485312,-19.988766894,3.862162259
5.977000,0.800000,121.212121,3.860973382,-1.001334980,-20.026896195,3.860973382
5.978000,0.800000,121.212121,3.882578654,-1.043770147,-19.971614480,3.882578654
5.979000,0.800000,121.212121,3.891390548,-1.065290211,-19.949067364,3.891390548
5.980000,0.800000,121.212121,3.892811921,-1.084105985,-19.866521749,3.892811921
5.981000,0.800000,121.212121,3.894054679,-1.100557299,-19.857180975,3.894054679
5.982000,0.800000,121.212121,3.901424453,-0.989277574,-19.849013997,3.901424453
5.983000,0.800000,121.212121,3.901424453,-0.989277574,-19.849013997,3.901424453
5.984000,0.800000,121.212121,3.901424453,-0.989277574,-19.849013997,3.901424453
5.985000,0.800000,121.212121,3.901424453,-0.989277574,-19.849013997,3.901424453
5.986000,0.800000,121.212121,3.913222166,-1.506505491,-20.152353630,3.913222166
5.987000,0.800000,121.212121,3.905616912,-1.595540224,-20.232757869,3.905616912
5.988000,0.800000,121.212121,3.880587049,-1.623682343,-20.121092626,3.880587049
5.989000,0.800000,121.212121,3.870799659,-1.572328492,-20.016929679,3.870799659
5.990000,0.800000,121.212121,3.868525374,-1.527427956,-20.177183646,3.868525374
5.991000,0.800000,121.212121,3.872820070,-1.425337935,-20.442963212,3.872820070
5.992000,0.800000,121.212121,3.870291893,-1.210413218,-20.675343933,3.870291893
5.993000,0.800000,121.212121,3.860655099,-1.266434776,-20.749905934,3.860655099
5.994000,0.800000,121.212121,3.847089247,-1.259973978,-20.755219535,3.847089247
5.995000,0.800000,121.212121,3.835228130,-1.379988775,-20.759865410,3.835228130
5.996000,0.800000,121.212121,3.824857525,-1.359258361,-20.701095614,3.824857525
5.997000,0.800000,121.212121,3.831556835,-1.241693838,-20.590839846,3.831556835
5.998000,0.800000,121.212121,3.827930763,-1.112678372,-20.490478575,3.827930763
5.999000,0.800000,121.212121,3.810211555,-0.657816065,-20.373046986,3.810211555
6.000000,0.800000,121.212121,3.828117366,-0.476509138,-20.237222520,3.828117366
6.001000,0.800000,121.212121,3.850056253,-0.569313324,-20.181298113,3.850056253
6.002000,0.800000,121.212121,3.862955032,-0.650455391,-20.258065081,3.862955032
6.003000,0.800000,121.212121,3.867949717,-0.595737140,-20.388017080,3.867949717
6.004000,0.800000,121.212121,3.853370973,-0.451128686,-20.546046279,3.853370973
6.005000,0.800000,121.212121,3.853286842,-0.735617832,-20.765473199,3.853286842
6.006000,0.800000,121.212121,3.859496468,-0.733029606,-20.831662413,3.859496468
6.007000,0.800000,121.212121,3.859496468,-0.733029606,-20.831662413,3.859496468
6.008000,0.800000,121.212121,3.859496468,-0.733029606,-20.831662413,3.859496468
6.009000,0.800000,121.212121,3.859496468,-0.733029606,-20.831662413,3.859496468
6.010000,0.800000,121.212121,3.859496468,-0.733029606,-20.831662413,3.859496468
6.011000,0.800000,121.212121,3.846946353,-0.728050254,-20.730403691,3.846946353
6.012000,0.800000,121.212121,3.838164947,-1.001486947,-20.818913713,3.838164947
6.013000,0.800000,121.212121,3.838164947,-1.001486947,-20.818913713,3.838164947
6.014000,0.800000,121.212121,3.866538885,-0.787734335,-20.990652044,3.866538885
6.015000,0.800000,121.212121,3.877366396,-0.715765103,-20.902880744,3.877366396
6.016000,0.800000,121.212121,3.886833281,-0.715671644,-20.888970964,3.886833281
6.017000,0.800000,121.212121,3.888827338,-0.778421783,-20.876809138,3.888827338
6.018000,0.800000,121.212121,3.878004443,-0.770454653,-20.866175613,3.878004443
6.019000,0.800000,121.212121,3.854774263,-0.765293803,-20.840853705,3.854774263
6.020000,0.800000,121.212121,3.867080159,-1.073135650,-20.897570325,3.867080159
6.021000,0.800000,121.212121,3.874680695,-1.161491023,-20.856958148,3.874680695
6.022000,0.800000,121.212121,3.865635520,-1.293881552,-20.660323612,3.865635520
6.023000,0.800000,121.212121,3.863378655,-1.267411456,-20.573614931,3.863378655
6.024000,0.800000,121.212121,3.874603292,-1.072332366,-20.601081913,3.874603292
6.025000,0.800000,121.212121,3.884417399,-1.090263196,-20.625097293,3.884417399
6.026000,0.800000,121.212121,3.892998229,-1.231604478,-20.646094811,3.892998229
6.027000,0.800000,121.212121,3.887934390,-1.229520585,-20.664453703,3.887934390
6.028000,0.800000,121.212121,3.909472559,-1.163273647,-20.513940384,3.909472559
6.029000,0.800000,121.212121,3.921188050,-1.169776459,-20.486074438,3.921188050
6.030000,0.800000,121.212121,3.906298588,-1.049798397,-20.461710230,3.906298588
6.031000,0.800000,121.212121,3.886997006,-1.007729077,-20.691735130,3.886997006
6.032000,0.800000,121.212121,3.888970488,-0.908114490,-20.767190544,3.888970488
6.033000,0.800000,121.212121,3.885921445,-0.925465956,-20.882951210,3.885921445
6.034000,0.800000,121.212121,3.894313271,-1.024684417,-20.745882143,3.894313271
6.035000,0.800000,121.212121,3.901650550,-1.111434718,-20.626037683,3.901650550
6.036000,0.800000,121.212121,3.901782613,-0.998788096,-20.646917028,3.901782613
6.037000,0.800000,121.212121,3.908181266,-1.025960772,-20.602340744,3.908181266
6.038000,0.800000,121.212121,3.919456949,-0.999763823,-20.584225288,3.919456949
6.039000,0.800000,121.212121,3.929917765,-0.963982033,-20.296199668,3.929917765
6.040000,0.800000,121.212121,3.926497665,-1.058360421,-20.232863974,3.926497665
6.041000,0.800000,121.212121,3.923507348,-1.078047018,-20.365982838,3.923507348
6.042000,0.800000,121.212121,3.920892805,-1.095259724,-20.356709785,3.920892805
6.043000,0.800000,121.212121,3.899337672,-1.304067787,-20.168808912,3.899337672
6.044000,0.800000,121.212121,3.887194010,-1.544205298,-20.121481613,3.887194010
6.045000,0.800000,121.212121,3.858485817,-1.843287681,-19.761952912,3.858485817
6.046000,0.800000,121.212121,3.870325306,-1.890001116,-19.702920792,3.870325306
6.047000,0.800000,121.212121,3.868110631,-1.868012514,-19.651306868,3.868110631
6.048000,0.800000,121.212121,3.859891074,-1.974450787,-19.669010793,3.859891074
6.049000,0.800000,121.212121,3.846420862,-1.968281980,-19.745064477,3.846420862
6.050000,0.800000,121.212121,3.840926922,-1.873624462,-19.625322768,3.840926922
6.051000,0.800000,121.212121,3.842406556,-1.476702692,-19.583460098,3.842406556
6.052000,0.800000,121.212121,3.843700254,-1.255323290,-19.609689900,3.843700254
6.053000,0.800000,121.212121,3.863680937,-1.250258802,-19.569791715,3.863680937
6.054000,0.800000,121.212121,3.854022125,-1.241959120,-19.802774458,3.854022125
6.055000,0.800000,121.212121,3.860139352,-1.364237730,-19.864276258,3.860139352
6.056000,0.800000,121.212121,3.865487867,-1.345486650,-19.855217660,3.865487867
6.057000,0.800000,121.212121,3.857597896,-1.391923754,-19.595969988,3.857597896
6.058000,0.800000,121.212121,3.863265779,-1.369693546,-19.369300338,3.863265779
6.059000,0.800000,121.212121,3.871764739,-1.458926382,-19.060665914,3.871764739
6.060000,0.800000,121.212121,3.863085993,-1.365444523,-18.964096411,3.863085993
6.061000,0.800000,121.212121,3.868064222,-1.283709940,-18.879662190,3.868064222
6.062000,0.800000,121.212121,3.872416868,-1.212246428,-18.868670140,3.872416868
6.063000,0.800000,121.212121,3.876222544,-1.086931433,-18.859059391,3.876222544
6.064000,0.800000,121.212121,3.881669719,-0.755901481,-18.772581757,3.881669719
6.065000,0.800000,121.212121,3.871746277,-0.750764336,-18.712213977,3.871746277
6.066000,0.800000,121.212121,3.869353036,-0.746272744,-18.910759649,3.869353036
6.067000,0.800000,121.212121,3.867260540,-0.553850023,-19.021523483,3.867260540
6.068000,0.800000,121.212121,3.877997364,-0.448439707,-19.118368322,3.877997364
6.069000,0.800000,121.212121,3.889309690,-0.346420792,-19.284973353,3.889309690
6.070000,0.800000,121.212121,3.889309690,-0.346420792,-19.284973353,3.889309690
6.071000,0.800000,121.212121,3.889309690,-0.346420792,-19.284973353,3.889309690
6.072000,0.800000,121.212121,3.832332631,-0.376219085,-18.852796205,3.832332631
6.073000,0.800000,121.212121,3.828609070,-0.230298678,-18.782348380,3.828609070
6.074000,0.800000,121.212121,3.835073268,0.008835722,-18.729730321,3.835073268
6.075000,0.800000,121.212121,3.831005309,0.043536862,-18.800411118,3.831005309
6.076000,0.800000,121.212121,3.821165359,0.073877328,-18.673714345,3.821165359
6.077000,0.800000,121.212121,3.818845119,0.163236951,-18.311611345,3.818845119
6.078000,0.800000,121.212121,3.829382820,0.115703607,-18.183507110,3.829382820
6.079000,0.800000,121.212121,3.822308833,0.155573974,-18.452537631,3.822308833
6.080000,0.800000,121.212121,3.826128086,0.234667295,-18.558051489,3.826128086
6.081000,0.800000,121.212121,3.829467396,0.240989602,-18.336146818,3.829467396
6.082000,0.800000,121.212121,3.832387077,0.058021866,-18.267791218,3.832387077
6.083000,0.800000,121.212121,3.841223045,-0.039121614,-18.270857288,3.841223045
6.084000,0.800000,121.212121,3.843137061,0.029319990,-18.158113942,3.843137061
6.085000,0.800000,121.212121,3.838055776,-0.064216705,-18.174962466,3.838055776
6.086000,0.800000,121.212121,3.839896209,-0.020335527,-18.126861888,3.839896209
6.087000,0.800000,121.212121,3.841505366,-0.044800473,-17.959142101,3.841505366
6.088000,0.800000,121.212121,3.841505366,-0.044800473,-17.959142101,3.841505366
6.089000,0.800000,121.212121,3.841505366,-0.044800473,-17.959142101,3.841505366
6.090000,0.800000,121.212121,3.815871352,-0.193174427,-17.349040253,3.815871352
6.091000,0.800000,121.212121,3.820499562,-0.258751649,-17.467559974,3.820499562
6.092000,0.800000,121.212121,3.818262988,-0.316088195,-17.571186069,3.818262988
6.093000,0.800000,121.212121,3.810024286,-0.303387764,-17.536126418,3.810024286
6.094000,0.800000,121.212121,3.802016315,-0.337510465,-17.415838800,3.802016315
6.095000,0.800000,121.212121,3.789536044,-0.133622474,-17.337468809,3.789536044
6.096000,0.800000,121.212121,3.778624091,-0.081019509,-17.331778935,3.778624091
6.097000,0.800000,121.212121,3.784295183,-0.410949678,-17.086918323,3.784295183
6.098000,0.800000,121.212121,3.765076924,-0.780937423,-17.198099109,3.765076924
6.099000,0.800000,121.212121,3.750955409,-0.772654169,-17.147091095,3.750955409
6.100000,0.800000,121.212121,3.732325270,-0.765411819,-17.228156644,3.732325270
6.101000,0.800000,121.212121,3.734885820,-0.884743276,-17.236203341,3.734885820
6.102000,0.800000,121.212121,3.730841416,-0.863415394,-17.180407008,3.730841416
6.103000,0.800000,121.212121,3.717930261,-1.009063131,-17.096863647,3.717930261
6.104000,0.800000,121.212121,3.716016555,-1.097776461,-17.184240963,3.716016555
6.105000,0.800000,121.212121,3.714343333,-0.986846186,-17.072142562,3.714343333
6.106000,0.800000,121.212121,3.706597189,-0.889855820,-17.036962714,3.706597189
6.107000,0.800000,121.212121,3.718674010,-0.930717330,-17.069035550,3.718674010
6.108000,0.800000,121.212121,3.714911902,-0.762145136,-16.878164792,3.714911902
6.109000,0.800000,121.212121,3.719660680,-0.756223391,-16.804529057,3.719660680
6.110000,0.800000,121.212121,3.723812709,-0.751045793,-16.865810367,3.723812709
6.111000,0.800000,121.212121,3.721159793,-0.872182538,-16.730895282,3.721159793
6.112000,0.800000,121.212121,3.721159793,-0.872182538,-16.730895282,3.721159793
6.113000,0.800000,121.212121,3.721159793,-0.872182538,-16.730895282,3.721159793
6.114000,0.800000,121.212121,3.718796257,-0.705216971,-16.401205362,3.718796257
6.115000,0.800000,121.212121,3.704207357,-0.832112736,-16.387506116,3.704207357
6.116000,0.800000,121.212121,3.697734937,-1.005894162,-16.375528369,3.697734937
6.117000,0.800000,121.212121,3.685792680,-0.906510157,-16.365055790,3.685792680
6.118000,0.800000,121.212121,3.667011275,-0.390335557,-16.528493200,3.667011275
6.119000,0.800000,121.212121,3.652646682,-0.368304928,-16.624462199,3.652646682
6.120000,0.800000,121.212121,3.658936753,-0.537538309,-16.645539525,3.658936753
6.121000,0.800000,121.212121,3.667856360,-0.913194200,-16.314535001,3.667856360
6.122000,0.800000,121.212121,3.665951941,-0.888291069,-16.248895222,3.665951941
6.123000,0.800000,121.212121,3.664286839,-0.803685505,-16.128672127,3.664286839
6.124000,0.800000,121.212121,3.672545302,-0.782801908,-15.633282591,3.672545302
6.125000,0.800000,121.212121,3.663768468,-0.774284356,-15.464755954,3.663768468
6.126000,0.800000,121.212121,3.656094564,-0.829669004,-15.254575147,3.656094564
6.127000,0.800000,121.212121,3.649384991,-0.940925665,-15.070806438,3.649384991
6.128000,0.800000,121.212121,3.656084938,-1.163865107,-14.910130787,3.656084938
6.129000,0.800000,121.212121,3.655288011,-0.932482525,-14.945183388,3.655288011
6.130000,0.800000,121.212121,3.648679792,-0.967987405,-14.925957701,3.648679792
6.131000,0.800000,121.212121,3.642901986,-0.999030610,-14.971979838,3.642901986
6.132000,0.800000,121.212121,3.656699797,-0.963340958,-15.075050516,3.656699797
6.133000,0.800000,121.212121,3.656197353,-0.806472493,-15.102337097,3.656197353
6.134000,0.800000,121.212121,3.655373948,-0.839868629,-14.903622624,3.655373948
6.135000,0.800000,121.212121,3.655373948,-0.839868629,-14.903622624,3.655373948
6.136000,0.800000,121.212121,3.655373948,-0.839868629,-14.903622624,3.655373948
6.137000,0.800000,121.212121,3.655373948,-0.839868629,-14.903622624,3.655373948
6.138000,0.800000,121.212121,3.616903469,-0.746312491,-14.394676546,3.616903469
6.139000,0.800000,121.212121,3.601781585,-0.746837990,-14.606073370,3.601781585
6.140000,0.800000,121.212121,3.583047626,-0.994167210,-14.440965945,3.583047626
6.141000,0.800000,121.212121,3.591800587,-1.147584269,-14.359438385,3.591800587
6.142000,0.800000,121.212121,3.580604063,-1.281722373,-14.413819585,3.580604063
6.143000,0.800000,121.212121,3.564531350,-1.399004185,-14.461367043,3.564531350
6.144000,0.800000,121.212121,3.543685001,-1.465541942,-14.366583636,3.543685001
6.145000,0.800000,121.212121,3.551101230,-1.371228747,-14.294403232,3.551101230
6.146000,0.800000,121.212121,3.551101230,-1.371228747,-14.294403232,3.551101230
6.147000,0.800000,121.212121,3.563254948,-1.279500112,-14.419545697,3.563254948
6.148000,0.800000,121.212121,3.568211945,-1.145733770,-14.466373590,3.568211945
6.149000,0.800000,121.212121,3.588901843,-1.044285477,-14.362515277,3.588901843
6.150000,0.800000,121.212121,3.584352771,-0.751581518,-14.290846118,3.584352771
6.151000,0.800000,121.212121,3.567808981,-0.621323530,-14.228183171,3.567808981
6.152000,0.800000,121.212121,3.565910516,-0.758761655,-14.361890242,3.565910516
6.153000,0.800000,121.212121,3.570533805,-0.753265090,-14.290299627,3.570533805
6.154000,0.800000,121.212121,3.577320883,-0.626489296,-14.110145057,3.577320883
6.155000,0.800000,121.212121,3.574227117,-0.574782712,-14.133021528,3.574227117
6.156000,0.800000,121.212121,3.558955754,-0.592405623,-14.278686963,3.558955754
6.157000,0.800000,121.212121,3.545603448,-0.607813974,-14.280383834,3.545603448
6.158000,0.800000,121.212121,3.540212227,-0.369958642,-14.219035616,3.540212227
6.159000,0.800000,121.212121,3.554930698,-0.333465332,-14.299098018,3.554930698
6.160000,0.800000,121.212121,3.542084195,-0.318581226,-14.298229960,3.542084195
6.161000,0.800000,121.212121,3.543418402,-0.431231218,-14.360302838,3.543418402
6.162000,0.800000,121.212121,3.550868133,-0.592557048,-14.414575409,3.550868133
6.163000,0.800000,121.212121,3.533239964,-1.029642050,-14.440685457,3.533239964
6.164000,0.800000,121.212121,3.535685570,-0.990105651,-14.359193144,3.535685570
6.165000,0.800000,121.212121,3.544107037,-0.892705689,-14.162277750,3.544107037
6.166000,0.800000,121.212121,3.539848152,-0.615318585,-14.247812992,3.539848152
6.167000,0.800000,121.212121,3.547746534,-0.565015754,-14.190557747,3.547746534
6.168000,0.800000,121.212121,3.548369190,-0.583866017,-14.077665555,3.548369190
6.169000,0.800000,121.212121,3.536347231,-0.537515633,-14.104623521,3.536347231
6.170000,0.800000,121.212121,3.525835995,-0.559821663,-14.253857555,3.525835995
6.171000,0.800000,121.212121,3.525835995,-0.559821663,-14.253857555,3.525835995
6.172000,0.800000,121.212121,3.507078102,-1.005719382,-14.085968849,3.507078102
6.173000,0.800000,121.212121,3.506836817,-1.094162350,-13.953941542,3.506836817
6.174000,0.800000,121.212121,3.518883526,-0.858022531,-13.870783420,3.518883526
6.175000,0.800000,121.212121,3.523133215,-0.714388771,-13.986570814,3.523133215
6.176000,0.800000,121.212121,3.507999316,-0.525972708,-14.087807936,3.507999316
6.177000,0.800000,121.212121,3.494767199,-0.424065558,-13.987827666,3.494767199
6.178000,0.800000,121.212121,3.490352822,-0.421868606,-13.525612078,3.490352822
6.179000,0.800000,121.212121,3.485621415,-0.207379858,-13.433447570,3.485621415
6.180000,0.800000,121.212121,3.494050944,-0.334003826,-13.415696649,3.494050944
6.181000,0.800000,121.212121,3.507704372,-0.570379463,-13.714335640,3.507704372
6.182000,0.800000,121.212121,3.519642061,-0.525723850,-13.975446549,3.519642061
6.183000,0.800000,121.212121,3.521145559,-0.515374072,-13.987219250,3.521145559
6.184000,0.800000,121.212121,3.518827807,-0.477630640,-14.151206740,3.518827807
6.185000,0.800000,121.212121,3.518827807,-0.477630640,-14.151206740,3.518827807
6.186000,0.800000,121.212121,3.518827807,-0.477630640,-14.151206740,3.518827807
6.187000,0.800000,121.212121,3.533089463,-0.423672377,-14.294285773,3.533089463
6.188000,0.800000,121.212121,3.535553981,-0.648779932,-14.294022439,3.535553981
6.189000,0.800000,121.212121,3.530153661,-0.553969869,-13.913780770,3.530153661
6.190000,0.800000,121.212121,3.514137547,-0.699871905,-13.898501253,3.514137547
6.191000,0.800000,121.212121,3.493850892,-0.764607497,-13.885141816,3.493850892
6.192000,0.800000,121.212121,3.482396719,-0.758376322,-13.873461175,3.482396719
6.193000,0.800000,121.212121,3.469119233,-0.646188015,-13.854318938,3.469119233
6.194000,0.800000,121.212121,3.467056117,-0.780501577,-13.720847908,3.467056117
6.195000,0.800000,121.212121,3.477818631,-0.772273093,-13.541317490,3.477818631
6.196000,0.800000,121.212121,3.474662316,-0.765078631,-13.572843088,3.474662316
6.197000,0.800000,121.212121,3.484749710,-0.936975135,-13.464979036,3.484749710
6.198000,0.800000,121.212121,3.499571966,-0.971915457,-13.380433901,3.499571966
6.199000,0.800000,121.212121,3.511296312,-0.911407642,-13.665912918,3.511296312
6.200000,0.800000,121.212121,3.503933068,-0.886729017,-13.556117687,3.503933068
6.201000,0.800000,121.212121,3.491211931,-1.053647158,-13.271624172,3.491211931
6.202000,0.800000,121.212121,3.492655750,-1.136757894,-13.085713020,3.492655750
6.203000,0.800000,121.212121,3.493918133,-1.083760921,-13.048827859,3.493918133
6.204000,0.800000,121.212121,3.502270112,-0.643605400,-12.988380447,3.502270112
6.205000,0.800000,121.212121,3.508607505,-0.589747944,-12.963726457,3.508607505
6.206000,0.800000,121.212121,3.501582146,-0.416994709,-12.942170579,3.501582146
6.207000,0.800000,121.212121,3.495439620,-0.454445845,-13.111819052,3.495439620
6.208000,0.800000,121.212121,3.496352172,-0.424358880,-13.134485163,3.496352172
6.209000,0.800000,121.212121,3.490866863,-0.398052754,-13.091471113,3.490866863
6.210000,0.800000,121.212121,3.490866863,-0.398052754,-13.091471113,3.490866863
6.211000,0.800000,121.212121,3.490866863,-0.398052754,-13.091471113,3.490866863
6.212000,0.800000,121.212121,3.490866863,-0.398052754,-13.091471113,3.490866863
6.213000,0.800000,121.212121,3.516373461,-0.641557140,-12.727467181,3.516373461
6.214000,0.800000,121.212121,3.519436401,-0.478260741,-12.915415984,3.519436401
6.215000,0.800000,121.212121,3.523616614,-0.193853696,-12.899930979,3.523616614
6.216000,0.800000,121.212121,3.527271525,-0.008018146,-13.012055584,3.527271525
6.217000,0.800000,121.212121,3.530467147,-0.096862793,-13.110090195,3.530467147
6.218000,0.800000,121.212121,3.533261196,-0.363038451,-13.132973560,3.533261196
6.219000,0.800000,121.212121,3.549616885,-0.563711141,-12.997770633,3.549616885
6.220000,0.800000,121.212121,3.562570877,-0.834052759,-12.971936638,3.562570877
6.221000,0.800000,121.212121,3.561330651,-0.944758541,-13.012180891,3.561330651
6.222000,0.800000,121.212121,3.564791786,-0.780774820,-13.140965037,3.564791786
6.223000,0.800000,121.212121,3.568227268,-0.945887391,-13.003879829,3.568227268
6.224000,0.800000,121.212121,3.572559425,-0.854044059,-13.102941835,3.572559425
6.225000,0.800000,121.212121,3.570064001,-0.773742101,-13.378050902,3.570064001
6.226000,0.800000,121.212121,3.561598977,-0.703531185,-13.430093185,3.561598977
6.227000,0.800000,121.212121,3.547914513,-0.516479526,-13.161436377,3.547914513
6.228000,0.800000,121.212121,3.544337967,-0.264875391,-13.027425114,3.544337967
6.229000,0.800000,121.212121,3.551672142,-0.070114992,-13.060696479,3.551672142
6.230000,0.800000,121.212121,3.570651048,0.100171093,-13.026954989,3.570651048
6.231000,0.800000,121.212121,3.574678624,0.186226545,-12.934621726,3.574678624
6.232000,0.800000,121.212121,3.553067338,0.198636096,-12.979555110,3.553067338
6.233000,0.800000,121.212121,3.523933943,0.328845212,-13.053191950,3.523933943
6.234000,0.800000,121.212121,3.523933943,0.328845212,-13.053191950,3.523933943
6.235000,0.800000,121.212121,3.523933943,0.328845212,-13.053191950,3.523933943
6.236000,0.800000,121.212121,3.524656329,-0.017302432,-13.464045538,3.524656329
6.237000,0.800000,121.212121,3.534463771,-0.167812234,-13.630945122,3.534463771
6.238000,0.800000,121.212121,3.520699421,-0.053267983,-13.904460203,3.520699421
6.239000,0.800000,121.212121,3.531004103,0.114901044,-14.016015648,3.531004103
6.240000,0.800000,121.212121,3.540013861,0.136273623,-14.113552623,3.540013861
6.241000,0.800000,121.212121,3.547891419,0.029296738,-13.947505327,3.547891419
6.242000,0.800000,121.212121,3.554779054,-0.064237036,-13.865156004,3.554779054
6.243000,0.800000,121.212121,3.555079278,-0.343183913,-13.667370058,3.555079278
6.244000,0.800000,121.212121,3.567346845,-0.452742240,-13.494559865,3.567346845
6.245000,0.800000,121.212121,3.570180518,-0.632286454,-13.517622058,3.570180518
6.246000,0.800000,121.212121,3.565274005,-0.416237467,-13.440837686,3.565274005
6.247000,0.800000,121.212121,3.563694095,-0.390951908,-13.359326243,3.563694095
6.248000,0.800000,121.212121,3.556029536,-0.494507532,-13.476553389,3.556029536
6.249000,0.800000,121.212121,3.543468856,-0.836918707,-13.425233536,3.543468856
6.250000,0.800000,121.212121,3.550912247,-0.821600637,-13.345682968,3.550912247
6.251000,0.800000,121.212121,3.557420273,-0.996703052,-13.464624579,3.557420273
6.252000,0.800000,121.212121,3.563110477,-1.024137742,-13.631451399,3.563110477
6.253000,0.800000,121.212121,3.568085629,-1.048124888,-13.714482289,3.568085629
6.254000,0.800000,121.212121,3.575449340,-1.440739096,-13.560081118,3.575449340
6.255000,0.800000,121.212121,3.572590759,-1.286710865,-13.526416957,3.572590759
6.256000,0.800000,121.212121,3.588940954,-1.089206539,-13.496983158,3.588940954
6.257000,0.800000,121.212121,3.615802894,-0.979353193,-13.471248120,3.615802894
6.258000,0.800000,121.212121,3.639289262,-0.883304424,-13.448747042,3.639289262
6.259000,0.800000,121.212121,3.624388335,-0.725899679,-13.364831784,3.624388335
6.260000,0.800000,121.212121,3.621663084,-0.787364525,-13.544198936,3.621663084
6.261000,0.800000,121.212121,3.619280298,-0.778273617,-13.701026147,3.619280298
6.262000,0.800000,121.212121,3.623480127,-0.581829548,-13.838145870,3.623480127
6.263000,0.800000,121.212121,3.639718561,-0.598566927,-14.020866473,3.639718561
6.264000,0.800000,121.212121,3.636493320,-0.798700341,-14.438077066,3.636493320
6.265000,0.800000,121.212121,3.625963726,-0.662521226,-14.608239945,3.625963726
6.266000,0.800000,121.212121,3.648173247,-0.794782297,-14.757019526,3.648173247
6.267000,0.800000,121.212121,3.661308652,-0.910422951,-14.824271060,3.661308652
6.268000,0.800000,121.212121,3.672793413,-0.760204359,-14.757407811,3.672793413
6.269000,0.800000,121.212121,3.697108259,-0.631794116,-14.828432178,3.697108259
6.270000,0.800000,121.212121,3.721979268,-0.415861092,-14.937663915,3.721979268
6.271000,0.800000,121.212121,3.735498641,-0.439283637,-14.903399619,3.735498641
6.272000,0.800000,121.212121,3.725094042,-0.348270158,-14.952256488,3.725094042
6.273000,0.800000,121.212121,3.703430553,-0.394357476,-14.994973822,3.703430553
6.274000,0.800000,121.212121,3.703338935,-0.497485144,-14.906659431,3.703338935
6.275000,0.800000,121.212121,3.721248778,-0.556618452,-15.170170023,3.721248778
6.276000,0.800000,121.212121,3.725201241,-0.450860245,-15.122671682,3.725201241
6.277000,0.800000,121.212121,3.728657022,-0.421223859,-15.269637717,3.728657022
6.278000,0.800000,121.212121,3.731678537,-0.458143545,-15.398135456,3.731678537
6.279000,0.800000,121.212121,3.728037173,-0.364760060,-15.510485692,3.728037173
6.280000,0.800000,121.212121,3.734636074,-0.329491203,-15.584732949,3.734636074
6.281000,0.800000,121.212121,3.734636074,-0.329491203,-15.584732949,3.734636074
6.282000,0.800000,121.212121,3.734636074,-0.329491203,-15.584732949,3.734636074
6.283000,0.800000,121.212121,3.734636074,-0.329491203,-15.584732949,3.734636074
6.284000,0.800000,121.212121,3.735132970,-0.307324215,-15.613389074,3.735132970
6.285000,0.800000,121.212121,3.713391407,-0.309949985,-15.893416671,3.713391407
6.286000,0.800000,121.212121,3.718331256,-0.235189052,-15.880696181,3.718331256
6.287000,0.800000,121.212121,3.722650345,-0.295486561,-15.995237901,3.722650345
6.288000,0.800000,121.212121,3.726426682,-0.411038714,-16.032554032,3.726426682
6.289000,0.800000,121.212121,3.729728470,-0.637733862,-16.002349026,3.729728470
6.290000,0.800000,121.212121,3.740633058,-0.946410073,-15.937057687,3.740633058
6.291000,0.800000,121.212121,3.742149620,-0.917332913,-15.793189400,3.742149620
6.292000,0.800000,121.212121,3.737192420,-0.766245990,-15.541736428,3.737192420
6.293000,0.800000,121.212121,3.745424531,-0.634145209,-15.384713822,3.745424531
6.294000,0.800000,121.212121,3.758905349,-0.581476556,-15.247423258,3.758905349
6.295000,0.800000,121.212121,3.758905349,-0.581476556,-15.247423258,3.758905349
6.296000,0.800000,121.212121,3.737308232,-0.957361628,-15.221138846,3.737308232
6.297000,0.800000,121.212121,3.726676234,-1.052571961,-15.230067426,3.726676234
6.298000,0.800000,121.212121,3.711097106,-1.010154104,-15.426369567,3.711097106
6.299000,0.800000,121.212121,3.703758895,-0.910234779,-15.598003654,3.703758895
6.300000,0.800000,121.212121,3.685449847,-1.162622886,-15.290437524,3.685449847
6.301000,0.800000,121.212121,3.693900936,-1.294871181,-15.353489629,3.693900936
6.302000,0.800000,121.212121,3.707573215,-1.159173253,-15.408618372,3.707573215
6.303000,0.800000,121.212121,3.725810570,-1.229023189,-15.582483140,3.725810570
6.304000,0.800000,121.212121,3.735472967,-1.290095523,-15.546003857,3.735472967
6.305000,0.800000,121.212121,3.716766866,-1.036876811,-15.297726040,3.716766866
6.306000,0.800000,121.212121,3.714999357,-0.996431265,-15.108534830,3.714999357
6.307000,0.800000,121.212121,3.714999357,-0.996431265,-15.108534830,3.714999357
6.308000,0.800000,121.212121,3.714999357,-0.996431265,-15.108534830,3.714999357
6.309000,0.800000,121.212121,3.724669133,-1.173580823,-15.214624150,3.724669133
6.310000,0.800000,121.212121,3.718174195,-1.173515605,-15.343314029,3.718174195
6.311000,0.800000,121.212121,3.728796207,-1.241563228,-15.525385182,3.728796207
6.312000,0.800000,121.212121,3.749190379,-1.571266815,-15.298048063,3.749190379
6.313000,0.800000,121.212121,3.755914782,-1.589331547,-15.360143799,3.755914782
6.314000,0.800000,121.212121,3.749227800,-1.605126197,-15.414436355,3.749227800
6.315000,0.800000,121.212121,3.743381130,-1.493272327,-15.461906307,3.743381130
6.316000,0.800000,121.212121,3.739293222,-1.608334075,-15.539700076,3.739293222
6.317000,0.800000,121.212121,3.728411783,-1.621740798,-15.634260778,3.728411783
6.318000,0.800000,121.212121,3.718897745,-1.570630928,-15.779770484,3.718897745
6.319000,0.800000,121.212121,3.710579276,-1.588775568,-15.969826755,3.710579276
6.320000,0.800000,121.212121,3.709589323,-1.604640085,-16.010336144,3.709589323
6.321000,0.800000,121.212121,3.731520591,-1.442143299,-15.778355043,3.731520591
6.322000,0.800000,121.212121,3.715332704,-1.413602317,-15.591598064,3.715332704
6.323000,0.800000,121.212121,3.707462232,-1.388647901,-15.553973366,3.707462232
6.324000,0.800000,121.212121,3.719430348,-1.241165643,-15.646740433,3.719430348
6.325000,0.800000,121.212121,3.717328136,-1.112216552,-15.916345606,3.717328136
6.326000,0.800000,121.212121,3.707599845,-1.073598942,-15.824270687,3.707599845
6.327000,0.800000,121.212121,3.700701113,-1.154202463,-15.945903044,3.700701113
6.328000,0.800000,121.212121,3.694669301,-1.224677046,-15.926586922,3.694669301
6.329000,0.800000,121.212121,3.689395468,-1.223463680,-15.972529989,3.689395468
6.330000,0.800000,121.212121,3.691067551,-1.159570936,-16.075531533,3.691067551
6.331000,0.800000,121.212121,3.682030957,-1.180527198,-16.008794443,3.682030957
6.332000,0.800000,121.212121,3.684628491,-1.184861865,-15.981575155,3.684628491
6.333000,0.800000,121.212121,3.686899610,-1.125819968,-16.083440050,3.686899610
6.334000,0.800000,121.212121,3.682602145,-1.074197495,-16.172504224,3.682602145
6.335000,0.800000,121.212121,3.697694272,-1.091893947,-16.061880705,3.697694272
6.336000,0.800000,121.212121,3.697694272,-1.091893947,-16.061880705,3.697694272
6.337000,0.800000,121.212121,3.704257157,-1.117924013,-15.916522591,3.704257157
6.338000,0.800000,121.212121,3.710344850,-1.130125628,-15.900898526,3.710344850
6.339000,0.800000,121.212121,3.703101170,-1.140793943,-15.887237838,3.703101170
6.340000,0.800000,121.212121,3.703050943,-1.275785344,-15.875293804,3.703050943
6.341000,0.800000,121.212121,3.708462248,-1.080873365,-15.910656086,3.708462248
6.342000,0.800000,121.212121,3.701455143,-1.097730902,-15.770105522,3.701455143
6.343000,0.800000,121.212121,3.707894947,-1.049638205,-15.772880768,3.707894947
6.344000,0.800000,121.212121,3.694675946,-1.070420868,-15.649643561,3.694675946
6.345000,0.800000,121.212121,3.695684464,-1.151423757,-15.416229091,3.695684464
6.346000,0.800000,121.212121,3.720890828,-1.040739584,-15.630445197,3.720890828
6.347000,0.800000,121.212121,3.731171457,-0.936976774,-15.650770678,3.731171457
6.348000,0.800000,121.212121,3.740160184,-0.909085037,-15.668541983,3.740160184
6.349000,0.800000,121.212121,3.754302540,-0.884698279,-15.684080080,3.754302540
6.350000,0.800000,121.212121,3.766667715,-1.051871610,-15.634833749,3.766667715
6.351000,0.800000,121.212121,3.750811792,-1.145235431,-15.562024533,3.750811792
6.352000,0.800000,121.212121,3.751049257,-1.154004993,-15.653779861,3.751049257
6.353000,0.800000,121.212121,3.757540066,-1.350168097,-15.796836727,3.757540066
6.354000,0.800000,121.212121,3.763215216,-1.396016913,-15.859084684,3.763215216
6.355000,0.800000,121.212121,3.761894021,-1.310440491,-16.039174039,3.761894021
6.356000,0.800000,121.212121,3.761894021,-1.310440491,-16.039174039,3.761894021
6.357000,0.800000,121.212121,3.761894021,-1.310440491,-16.039174039,3.761894021
6.358000,0.800000,121.212121,3.761894021,-1.310440491,-16.039174039,3.761894021
6.359000,0.800000,121.212121,3.761760834,-1.217536401,-15.846863650,3.761760834
6.360000,0.800000,121.212121,3.766905587,-1.280052207,-16.028488745,3.766905587
6.361000,0.800000,121.212121,3.760715567,-1.424288603,-16.399501264,3.760715567
6.362000,0.800000,121.212121,3.783960701,-1.492766651,-16.421266134,3.783960701
6.363000,0.800000,121.212121,3.792598922,-1.332200445,-16.467877830,3.792598922
6.364000,0.800000,121.212121,3.793868446,-1.254643437,-16.571463982,3.793868446
6.365000,0.800000,121.212121,3.782412067,-1.312496235,-16.536369407,3.782412067
6.366000,0.800000,121.212121,3.766112153,-1.174583478,-16.631348653,3.766112153
6.367000,0.800000,121.212121,3.757459839,-0.885740163,-16.606400789,3.757459839
6.368000,0.800000,121.212121,3.769428256,-0.927118861,-16.692579632,3.769428256
6.369000,0.800000,121.212121,3.773609492,-1.026129612,-16.642265216,3.773609492
6.370000,0.800000,121.212121,3.770982113,-0.924202746,-16.535441643,3.770982113
6.371000,0.800000,121.212121,3.768684901,-0.709420681,-16.630537475,3.768684901
6.372000,0.800000,121.212121,3.735083438,-0.836403554,-16.550844503,3.735083438
6.373000,0.800000,121.212121,3.712164645,-1.072477632,-16.644004755,3.712164645
6.374000,0.800000,121.212121,3.717258654,-1.090390208,-16.599794438,3.717258654
6.375000,0.800000,121.212121,3.727995715,-1.168883676,-16.623971606,3.727995715
6.376000,0.800000,121.212121,3.737383518,-1.300345217,-16.707942435,3.737383518
6.377000,0.800000,121.212121,3.747274635,-1.225312209,-16.672849658,3.747274635
6.378000,0.800000,121.212121,3.741673406,-1.286850878,-16.562182731,3.741673406
6.379000,0.800000,121.212121,3.749342420,-1.340656371,-16.402590766,3.749342420
6.380000,0.800000,121.212121,3.743481346,-1.387700465,-16.263053720,3.743481346
6.381000,0.800000,121.212121,3.750923167,-1.491664678,-16.266715122,3.750923167
6.382000,0.800000,121.212121,3.763118825,-1.481441379,-16.319755914,3.763118825
6.383000,0.800000,121.212121,3.749243372,-1.385130202,-16.379123761,3.749243372
6.384000,0.800000,121.212121,3.737111560,-1.300921844,-16.305367519,3.737111560
6.385000,0.800000,121.212121,3.711736326,-1.280689189,-16.184495770,3.711736326
6.386000,0.800000,121.212121,3.709608293,-1.147454030,-16.382565889,3.709608293
6.387000,0.800000,121.212121,3.702457171,-1.093112941,-16.308377096,3.702457171
6.388000,0.800000,121.212121,3.689921501,-1.296927966,-16.306342995,3.689921501
6.389000,0.800000,121.212121,3.678961110,-1.412298988,-16.178900800,3.678961110
6.390000,0.800000,121.212121,3.669378041,-1.450340205,-16.193137169,3.669378041
6.391000,0.800000,121.212121,3.653673307,-1.332082287,-16.090804030,3.653673307
6.392000,0.800000,121.212121,3.659834368,-1.317371980,-15.801951701,3.659834368
6.393000,0.800000,121.212121,3.665221208,-1.493005783,-15.737893185,3.665221208
6.394000,0.800000,121.212121,3.663647932,-1.835064352,-15.807548206,3.663647932
6.395000,0.800000,121.212121,3.655989175,-1.945643013,-15.868450119,3.655989175
6.396000,0.800000,121.212121,3.643438001,-1.828491453,-15.787656314,3.643438001
6.397000,0.800000,121.212121,3.638318898,-1.877064236,-15.851057915,3.638318898
6.398000,0.800000,121.212121,3.633843081,-1.982365037,-15.843660384,3.633843081
6.399000,0.800000,121.212121,3.629929712,-2.074433348,-15.774360601,3.629929712
6.400000,0.800000,121.212121,3.626508111,-2.343427574,-15.776601138,3.626508111
6.401000,0.800000,121.212121,3.627183976,-2.595759818,-15.599673056,3.627183976
6.402000,0.800000,121.212121,3.630390599,-2.485082962,-15.498201771,3.630390599
6.403000,0.800000,121.212121,3.639477452,-2.513977876,-15.535145451,3.639477452
6.404000,0.800000,121.212121,3.639477452,-2.513977876,-15.535145451,3.639477452
6.405000,0.800000,121.212121,3.639477452,-2.513977876,-15.535145451,3.639477452
6.406000,0.800000,121.212121,3.639477452,-2.513977876,-15.535145451,3.639477452
6.407000,0.800000,121.212121,3.673278468,-2.036176753,-15.295146471,3.673278468
6.408000,0.800000,121.212121,3.683259057,-1.932987325,-15.483270538,3.683259057
6.409000,0.800000,121.212121,3.686259311,-1.763880466,-15.901440645,3.686259311
6.410000,0.800000,121.212121,3.708192021,-1.752372390,-15.632276506,3.708192021
6.411000,0.800000,121.212121,3.707502059,-1.810510577,-15.463876298,3.707502059
6.412000,0.800000,121.212121,3.694332429,-1.798511051,-15.379469737,3.694332429
6.413000,0.800000,121.212121,3.695384115,-1.662355723,-15.431333724,3.695384115
6.414000,0.800000,121.212121,3.696303642,-1.480478326,-15.413848437,3.696303642
6.415000,0.800000,121.212121,3.709587365,-1.127481432,-15.377297861,3.709587365
6.416000,0.800000,121.212121,3.721288429,-0.949986467,-15.429434774,3.721288429
6.417000,0.800000,121.212121,3.725235909,-0.731964325,-15.537851822,3.725235909
6.418000,0.800000,121.212121,3.722404149,-0.478507799,-15.506981076,3.722404149
6.419000,0.800000,121.212121,3.726211423,-0.319733413,-15.542821515,3.726211423
6.420000,0.800000,121.212121,3.737944403,-0.593437854,-15.546620667,3.737944403
6.421000,0.800000,121.212121,3.727232460,-0.608716490,-15.765975407,3.727232460
6.422000,0.800000,121.212121,3.711583436,-0.747738863,-15.957765219,3.711583436
6.423000,0.800000,121.212121,3.704184110,-0.743627463,-16.188285864,3.704184110
6.424000,0.800000,121.212121,3.710280982,-0.677200864,-16.327006578,3.710280982
6.425000,0.800000,121.212121,3.713989352,-0.741045128,-16.318806073,3.713989352
6.426000,0.800000,121.212121,3.712570876,-0.800606741,-16.126965869,3.712570876
6.427000,0.800000,121.212121,3.723897021,-0.789851767,-15.959233015,3.723897021
6.428000,0.800000,121.212121,3.727516696,-0.654784597,-16.252401065,3.727516696
6.429000,0.800000,121.212121,3.727516696,-0.654784597,-16.252401065,3.727516696
6.430000,0.800000,121.212121,3.727516696,-0.654784597,-16.252401065,3.727516696
6.431000,0.800000,121.212121,3.707696301,-0.838264780,-16.695155019,3.707696301
6.432000,0.800000,121.212121,3.700785447,-0.885609411,-16.895844382,3.700785447
6.433000,0.800000,121.212121,3.672274364,-1.079377390,-16.585799470,3.672274364
6.434000,0.800000,121.212121,3.663531577,-1.284918476,-16.486071592,3.663531577
6.435000,0.800000,121.212121,3.662170626,-1.401798654,-16.461707741,3.662170626
6.436000,0.800000,121.212121,3.653657115,-1.240037851,-16.123412359,3.653657115
6.437000,0.800000,121.212121,3.653537026,-1.111230482,-16.081789759,3.653537026
6.438000,0.800000,121.212121,3.653432028,-1.061441378,-15.982565756,3.653432028
6.439000,0.800000,121.212121,3.653340224,-1.017908958,-16.084306168,3.653340224
6.440000,0.800000,121.212121,3.653259956,-0.979846982,-16.173261503,3.653259956
6.441000,0.800000,121.212121,3.671188402,-0.917471007,-16.201273505,3.671188402
6.442000,0.800000,121.212121,3.675148452,-0.954862290,-16.212698438,3.675148452
6.443000,0.800000,121.212121,3.691177237,-1.050386699,-16.159855818,3.691177237
6.444000,0.800000,121.212121,3.686342231,-1.259570862,-16.113653598,3.686342231
6.445000,0.800000,121.212121,3.669548438,-1.568131875,-16.136089173,3.669548438
6.446000,0.800000,121.212121,3.695417161,-1.649770134,-16.117920429,3.695417161
6.447000,0.800000,121.212121,3.683766165,-1.532306142,-16.139819818,3.683766165
6.448000,0.800000,121.212121,3.667296090,-1.492434963,-16.221799102,3.667296090
6.449000,0.800000,121.212121,3.665462077,-1.520405997,-16.356308418,3.665462077
6.450000,0.800000,121.212121,3.663858533,-1.607693940,-16.348251089,3.663858533
6.451000,0.800000,121.212121,3.661230644,-1.750741444,-15.981742668,3.661230644
6.452000,0.800000,121.212121,3.661230644,-1.750741444,-15.981742668,3.661230644
6.453000,0.800000,121.212121,3.661230644,-1.750741444,-15.981742668,3.661230644
6.454000,0.800000,121.212121,3.661230644,-1.750741444,-15.981742668,3.661230644
6.455000,0.800000,121.212121,3.687886274,-1.847628427,-15.854932962,3.687886274
6.456000,0.800000,121.212121,3.709435776,-1.816394687,-15.777322934,3.709435776
6.457000,0.800000,121.212121,3.684296001,-2.153717371,-15.780824719,3.684296001
6.458000,0.800000,121.212121,3.680325716,-2.349916619,-15.845084804,3.680325716
6.459000,0.800000,121.212121,3.683137537,-2.332965184,-15.838437876,3.683137537
6.460000,0.800000,121.212121,3.693239167,-2.077544805,-15.945312911,3.693239167
6.461000,0.800000,121.212121,3.694428236,-1.906325062,-15.988902801,3.694428236
6.462000,0.800000,121.212121,3.689184697,-1.756621426,-16.089846876,3.689184697
6.463000,0.800000,121.212121,3.697166451,-1.625730104,-16.115274092,3.697166451
6.464000,0.800000,121.212121,3.691578817,-1.511287071,-16.011842324,3.691578817
6.465000,0.800000,121.212121,3.681632234,-1.567169528,-15.787402146,3.681632234
6.466000,0.800000,121.212121,3.677996688,-1.522917287,-15.725171981,3.677996688
6.467000,0.800000,121.212121,3.668534812,-1.421394093,-15.733593743,3.668534812
6.468000,0.800000,121.212121,3.672828322,-1.458292386,-15.866620901,3.672828322
6.469000,0.800000,121.212121,3.670299108,-1.427722050,-15.857267667,3.670299108
6.470000,0.800000,121.212121,3.666154231,-1.377623376,-15.614299223,3.666154231
6.471000,0.800000,121.212121,3.664463708,-1.357190207,-15.448158107,3.664463708
6.472000,0.800000,121.212121,3.656702437,-1.527820304,-15.302894900,3.656702437
6.473000,0.800000,121.212121,3.643633291,-1.677008391,-15.238717858,3.643633291
6.474000,0.800000,121.212121,3.644772833,-1.618953392,-14.994109983,3.644772833
6.475000,0.800000,121.212121,3.628580327,-1.759348888,-14.946550603,3.628580327
6.476000,0.800000,121.212121,3.628580327,-1.759348888,-14.946550603,3.628580327
6.477000,0.800000,121.212121,3.628580327,-1.759348888,-14.946550603,3.628580327
6.478000,0.800000,121.212121,3.628580327,-1.759348888,-14.946550603,3.628580327
6.479000,0.800000,121.212121,3.635095629,-1.485096486,-15.110039587,3.635095629
6.480000,0.800000,121.212121,3.592924800,-1.232988505,-14.980238437,3.592924800
6.481000,0.800000,121.212121,3.587870188,-1.356394396,-15.082271309,3.587870188
6.482000,0.800000,121.212121,3.573248360,-1.697044693,-14.916344676,3.573248360
6.483000,0.800000,121.212121,3.558099992,-1.887799269,-14.900742968,3.558099992
6.484000,0.800000,121.212121,3.544855224,-1.991751066,-14.887101829,3.544855224
6.485000,0.800000,121.212121,3.533274842,-2.019808041,-14.875174886,3.533274842
6.486000,0.800000,121.212121,3.513507342,-2.238492011,-14.855629008,3.513507342
6.487000,0.800000,121.212121,3.512149437,-2.172710752,-14.910488909,3.512149437
6.488000,0.800000,121.212121,3.517245357,-2.052363956,-15.021286765,3.517245357
6.489000,0.800000,121.212121,3.515417719,-2.009972238,-15.055329499,3.515417719
6.490000,0.800000,121.212121,3.501253378,-1.972907620,-15.085094296,3.501253378
6.491000,0.800000,121.212121,3.489817655,-1.974997968,-15.016104831,3.489817655
6.492000,0.800000,121.212121,3.485153498,-2.130823906,-14.925135039,3.485153498
6.493000,0.800000,121.212121,3.474792272,-2.078572620,-14.782764996,3.474792272
6.494000,0.800000,121.212121,3.472016261,-2.032887424,-14.783949406,3.472016261
6.495000,0.800000,121.212121,3.482155464,-2.244270611,-14.596489419,3.482155464
6.496000,0.800000,121.212121,3.481501173,-2.465021725,-14.281384263,3.481501173
6.497000,0.800000,121.212121,3.496731653,-2.307942049,-14.094246622,3.496731653
6.498000,0.800000,121.212121,3.503765028,-2.107769734,-14.119120949,3.503765028
6.499000,0.800000,121.212121,3.503631378,-2.121247374,-14.140869477,3.503631378
6.500000,0.800000,121.212121,3.503631378,-2.121247374,-14.140869477,3.503631378
6.501000,0.800000,121.212121,3.503631378,-2.121247374,-14.140869477,3.503631378
6.502000,0.800000,121.212121,3.503631378,-2.121247374,-14.140869477,3.503631378
6.503000,0.800000,121.212121,3.530657178,-1.950613353,-14.016309213,3.530657178
6.504000,0.800000,121.212121,3.533427347,-2.046671699,-14.050977444,3.533427347
6.505000,0.800000,121.212121,3.535849405,-2.130658997,-14.018457284,3.535849405
6.506000,0.800000,121.212121,3.557878663,-1.836370114,-14.145763113,3.557878663
6.507000,0.800000,121.212121,3.568436051,-1.642979605,-14.415788022,3.568436051
6.508000,0.800000,121.212121,3.572741972,-1.777696347,-14.463088119,3.572741972
6.509000,0.800000,121.212121,3.576506794,-1.706988526,-14.504444310,3.576506794
6.510000,0.800000,121.212121,3.576393401,-1.591112530,-14.218914778,3.576393401
6.511000,0.800000,121.212121,3.560849815,-1.543851522,-14.290954696,3.560849815
6.512000,0.800000,121.212121,3.553542679,-1.439697655,-14.165446252,3.553542679
6.513000,0.800000,121.212121,3.540870600,-1.411464002,-14.307037076,3.540870600
6.514000,0.800000,121.212121,3.548640497,-1.575273853,-14.368003220,3.548640497
6.515000,0.800000,121.212121,3.578644226,-1.537461897,-14.224482822,3.578644226
6.516000,0.800000,121.212121,3.575384164,-1.559774680,-14.044495627,3.575384164
6.517000,0.800000,121.212121,3.578816958,-1.453619849,-14.012789995,3.578816958
6.518000,0.800000,121.212121,3.581818375,-1.360804828,-14.110732318,3.581818375
6.519000,0.800000,121.212121,3.584442623,-1.530980699,-14.384862404,3.584442623
6.520000,0.800000,121.212121,3.570683254,-1.213129162,-14.826211174,3.570683254
6.521000,0.800000,121.212121,3.574706782,-1.024871386,-14.821935976,3.574706782
6.522000,0.800000,121.212121,3.584507885,-0.923102633,-14.755366162,3.584507885
6.523000,0.800000,121.212121,3.586794159,-0.959786225,-14.759993611,3.586794159
6.524000,0.800000,121.212121,3.582509946,-0.991860021,-14.952535117,3.582509946
6.525000,0.800000,121.212121,3.582509946,-0.991860021,-14.952535117,3.582509946
6.526000,0.800000,121.212121,3.582509946,-0.991860021,-14.952535117,3.582509946
6.527000,0.800000,121.212121,3.560010785,-1.195469275,-14.757589912,3.560010785
6.528000,0.800000,121.212121,3.559092271,-1.135094412,-14.824769770,3.559092271
6.529000,0.800000,121.212121,3.558289180,-1.145138331,-14.820675704,3.558289180
6.530000,0.800000,121.212121,3.567960308,-1.161598309,-14.523494134,3.567960308
6.531000,0.800000,121.212121,3.567960308,-1.161598309,-14.523494134,3.567960308
6.532000,0.800000,121.212121,3.553476456,-1.168311650,-14.620091334,3.553476456
6.533000,0.800000,121.212121,3.536023501,-0.990817916,-14.833331020,3.536023501
6.534000,0.800000,121.212121,3.544402503,-0.767664742,-14.828161116,3.544402503
6.535000,0.800000,121.212121,3.545567642,-0.927969525,-15.180888427,3.545567642
6.536000,0.800000,121.212121,3.552747291,-0.901209672,-15.257706877,3.552747291
6.537000,0.800000,121.212121,3.559024719,-1.066308121,-15.262040183,3.559024719
6.538000,0.800000,121.212121,3.551946932,-1.084995980,-15.140165244,3.551946932
6.539000,0.800000,121.212121,3.552041751,-1.164167307,-15.284932973,3.552041751
6.540000,0.800000,121.212121,3.581244361,-1.348849467,-15.639946387,3.581244361
6.541000,0.800000,121.212121,3.583940742,-1.394863986,-15.659077913,3.583940742
6.542000,0.800000,121.212121,3.586298285,-1.309432445,-15.675805300,3.586298285
6.543000,0.800000,121.212121,3.588359571,-1.423232107,-15.690430662,3.588359571
6.544000,0.800000,121.212121,3.590161828,-1.459899429,-15.766049999,3.590161828
6.545000,0.800000,121.212121,3.624531294,-1.465053675,-15.717270796,3.624531294
6.546000,0.800000,121.212121,3.621788078,-1.559297396,-15.852349156,3.621788078
6.547000,0.800000,121.212121,3.619389585,-1.578866249,-15.907621216,3.619389585
6.548000,0.800000,121.212121,3.617292495,-1.658807861,-15.767452024,3.617292495
6.549000,0.800000,121.212121,3.615458934,-1.728703713,-15.707728866,3.615458934
6.550000,0.800000,121.212121,3.615458934,-1.728703713,-15.707728866,3.615458934
6.551000,0.800000,121.212121,3.615458934,-1.728703713,-15.707728866,3.615458934
6.552000,0.800000,121.212121,3.626328697,-1.691925313,-15.901537084,3.626328697
6.553000,0.800000,121.212121,3.655304474,-1.877965145,-16.048486151,3.655304474
6.554000,0.800000,121.212121,3.648694186,-1.920320881,-16.016279056,3.648694186
6.555000,0.800000,121.212121,3.632367628,-1.754197426,-15.963498060,3.632367628
6.556000,0.800000,121.212121,3.641206040,-1.749274419,-15.941970883,3.641206040
6.557000,0.800000,121.212121,3.642650599,-1.682138202,-15.985980744,3.642650599
6.558000,0.800000,121.212121,3.637630444,-1.623438571,-15.898796457,3.637630444
6.559000,0.800000,121.212121,3.626957956,-1.697779060,-15.822568071,3.626957956
6.560000,0.800000,121.212121,3.633811051,-1.803816903,-15.862453480,3.633811051
6.561000,0.800000,121.212121,3.623618521,-1.729826676,-15.790792087,3.623618521
6.562000,0.800000,121.212121,3.614706823,-1.476638775,-15.665304077,3.614706823
6.563000,0.800000,121.212121,3.613198186,-1.380931111,-15.681249061,3.613198186
6.564000,0.800000,121.212121,3.605595946,-1.360082279,-15.569526633,3.605595946
6.565000,0.800000,121.212121,3.611197379,-1.325915209,-15.449267744,3.611197379
6.566000,0.800000,121.212121,3.603846567,-1.311979880,-15.618024361,3.603846567
6.567000,0.800000,121.212121,3.603702671,-1.236963862,-15.765574396,3.603702671
6.568000,0.800000,121.212121,3.603576857,-1.171374636,-15.894582746,3.603576857
6.569000,0.800000,121.212121,3.603466853,-1.176859447,-16.007379430,3.603466853
6.570000,0.800000,121.212121,3.573449790,-0.958207597,-15.838926594,3.573449790
6.571000,0.800000,121.212121,3.570842480,-0.990479769,-15.833053529,3.570842480
6.572000,0.800000,121.212121,3.568562814,-1.018696500,-15.953582202,3.568562814
6.573000,0.800000,121.212121,3.554003249,-0.980535559,-15.744805530,3.554003249
6.574000,0.800000,121.212121,3.547556478,-0.947170063,-15.562264508,3.547556478
6.575000,0.800000,121.212121,3.547556478,-0.947170063,-15.562264508,3.547556478
6.576000,0.800000,121.212121,3.547556478,-0.947170063,-15.562264508,3.547556478
6.577000,0.800000,121.212121,3.547556478,-0.947170063,-15.562264508,3.547556478
6.578000,0.800000,121.212121,3.562747421,-1.078158298,-15.351255750,3.562747421
6.579000,0.800000,121.212121,3.555201825,-1.158188873,-15.406665211,3.555201825
6.580000,0.800000,121.212121,3.578166507,-1.171574977,-15.097125695,3.578166507
6.581000,0.800000,121.212121,3.556116921,-1.177034613,-15.310133787,3.556116921
6.582000,0.800000,121.212121,3.536838168,-1.307471878,-15.559206346,3.536838168
6.583000,0.800000,121.212121,3.532548425,-1.421517912,-15.588483964,3.532548425
6.584000,0.800000,121.212121,3.561304893,-1.685636989,-15.324431832,3.561304893
6.585000,0.800000,121.212121,3.572790126,-1.752161394,-15.069052821,3.572790126
6.586000,0.800000,121.212121,3.573552142,-1.688477412,-14.886073679,3.573552142
6.587000,0.800000,121.212121,3.577215156,-1.628981173,-14.874275937,3.577215156
6.588000,0.800000,121.212121,3.574134676,-1.451297745,-14.863960743,3.574134676
6.589000,0.800000,121.212121,3.565158115,-1.421606381,-14.666446235,3.565158115
6.590000,0.800000,121.212121,3.557309583,-1.584141704,-14.556583985,3.557309583
6.591000,0.800000,121.212121,3.557013776,-1.724840925,-14.792677624,3.557013776
6.592000,0.800000,121.212121,3.556471876,-1.535111405,-14.792616377,3.556471876
6.593000,0.800000,121.212121,3.543431703,-1.306392147,-14.792562825,3.543431703
6.594000,0.800000,121.212121,3.538313392,-1.420573864,-14.792516004,3.538313392
6.595000,0.800000,121.212121,3.546404637,-1.394743377,-14.792475066,3.546404637
6.596000,0.800000,121.212121,3.571441374,-1.242540030,-14.910176000,3.571441374
6.597000,0.800000,121.212121,3.575369635,-1.239081935,-14.769685764,3.575369635
6.598000,0.800000,121.212121,3.578804255,-1.110394690,-14.332690788,3.578804255
6.599000,0.800000,121.212121,3.556674527,-0.997878762,-14.076273925,3.556674527
6.600000,0.800000,121.212121,3.543608888,-0.962333855,-14.040574915,3.543608888
6.601000,0.800000,121.212121,3.528480101,-1.084682729,-14.280439267,3.528480101
6.602000,0.800000,121.212121,3.518957479,-1.101061567,-14.407579643,3.518957479
6.603000,0.800000,121.212121,3.529481060,-1.178214032,-14.455911235,3.529481060
6.604000,0.800000,121.212121,3.519832653,-1.182839380,-14.372505594,3.519832653
6.605000,0.800000,121.212121,3.517679886,-0.998387931,-14.236749161,3.517679886
6.606000,0.800000,121.212121,3.507868745,-0.876708725,-14.312639385,3.507868745
6.607000,0.800000,121.212121,3.500936222,-0.919222347,-14.372901521,3.500936222
6.608000,0.800000,121.212121,3.483292015,-1.051725535,-14.424618640,3.483292015
6.609000,0.800000,121.212121,3.485731080,-1.009414043,-14.470809048,3.485731080
6.610000,0.800000,121.212121,3.466174616,-1.057841982,-14.656378240,3.466174616
6.611000,0.800000,121.212121,3.464481531,-0.951930022,-14.736276731,3.464481531
6.612000,0.800000,121.212121,3.450434835,-0.796495498,-14.806134882,3.450434835
6.613000,0.800000,121.212121,3.438153299,-0.723425305,-14.930046251,3.438153299
6.614000,0.800000,121.212121,3.439981477,-0.785201090,-15.038386459,3.439981477
6.615000,0.800000,121.212121,3.430411125,-0.509448143,-15.090270712,3.430411125
6.616000,0.800000,121.212121,3.426929028,-0.221121973,-15.052812814,3.426929028
6.617000,0.800000,121.212121,3.436450874,-0.346019056,-15.145725721,3.436450874
6.618000,0.800000,121.212121,3.444776171,-0.329557403,-15.164130994,3.444776171
6.619000,0.800000,121.212121,3.439488909,-0.315164382,-15.243055245,3.439488909
6.620000,0.800000,121.212121,3.448094561,-0.181704756,-15.191796452,3.448094561
6.621000,0.800000,121.212121,3.436107113,-0.311555153,-15.015916747,3.436107113
6.622000,0.800000,121.212121,3.431909237,-0.487919921,-14.736475032,3.431909237
6.623000,0.800000,121.212121,3.434522067,-0.579290185,-14.554980851,3.434522067
6.624000,0.800000,121.212121,3.434522067,-0.579290185,-14.554980851,3.434522067
6.625000,0.800000,121.212121,3.434522067,-0.579290185,-14.554980851,3.434522067
6.626000,0.800000,121.212121,3.406011467,-0.781206009,-14.833622667,3.406011467
6.627000,0.800000,121.212121,3.393029150,-0.961384563,-14.891247967,3.393029150
6.628000,0.800000,121.212121,3.381678240,-0.616266387,-14.878800004,3.381678240
6.629000,0.800000,121.212121,3.378036913,-0.503012600,-15.056411858,3.378036913
6.630000,0.800000,121.212121,3.366575887,-0.670716332,-14.994178141,3.366575887
6.631000,0.800000,121.212121,3.364832377,-0.864779428,-14.968795592,3.364832377
6.632000,0.800000,121.212121,3.369591149,-0.971623983,-14.758107148,3.369591149
6.633000,0.800000,121.212121,3.380035101,-0.750882790,-14.699558302,3.380035101
6.634000,0.800000,121.212121,3.380035101,-0.750882790,-14.699558302,3.380035101
6.635000,0.800000,121.212121,3.367321050,-0.572198185,-14.785211350,3.367321050
6.636000,0.800000,121.212121,3.359200715,-0.527314024,-14.848920195,3.359200715
6.637000,0.800000,121.212121,3.364667182,-0.676565733,-14.841791298,3.364667182
6.638000,0.800000,121.212121,3.375729898,-0.555734506,-14.835558244,3.375729898
6.639000,0.800000,121.212121,3.379119246,-0.701414791,-14.767276606,3.379119246
6.640000,0.800000,121.212121,3.372896909,-0.806596289,-14.302072572,3.372896909
6.641000,0.800000,121.212121,3.376642262,-0.732256794,-14.237998867,3.376642262
6.642000,0.800000,121.212121,3.373633774,-0.667259075,-14.370472461,3.373633774
6.643000,0.800000,121.212121,3.371003344,-0.547597357,-14.486298932,3.371003344
6.644000,0.800000,121.212121,3.368703463,-0.442972774,-14.713233925,3.368703463
6.645000,0.800000,121.212121,3.359440802,-0.145850276,-14.661103445,3.359440802
6.646000,0.800000,121.212121,3.358593913,-0.091710720,-14.551912590,3.358593913
6.647000,0.800000,121.212121,3.357853448,-0.170038248,-14.644938622,3.357853448
6.648000,0.800000,121.212121,3.363489217,-0.238522848,-14.663442805,3.363489217
6.649000,0.800000,121.212121,3.363489217,-0.238522848,-14.663442805,3.363489217
6.650000,0.800000,121.212121,3.363489217,-0.238522848,-14.663442805,3.363489217
6.651000,0.800000,121.212121,3.358432070,-0.016896332,-14.949567363,3.358432070
6.652000,0.800000,121.212121,3.363365494,-0.173434262,-14.904603692,3.363365494
6.653000,0.800000,121.212121,3.374591785,-0.178660253,-14.827645547,3.374591785
6.654000,0.800000,121.212121,3.371840968,-0.183229527,-14.886021953,3.371840968
6.655000,0.800000,121.212121,3.350062508,-0.080845316,-14.683321325,3.350062508
6.656000,0.800000,121.212121,3.344110946,-0.097706377,-14.508506636,3.344110946
6.657000,0.800000,121.212121,3.338907278,-0.049616762,-14.481323515,3.338907278
6.658000,0.800000,121.212121,3.340640708,-0.070402120,-14.520388178,3.340640708
6.659000,0.800000,121.212121,3.340640708,-0.070402120,-14.520388178,3.340640708
6.660000,0.800000,121.212121,3.338356891,-0.305861430,-14.436821732,3.338356891
6.661000,0.800000,121.212121,3.333876299,-0.357277986,-14.481478654,3.333876299
6.662000,0.800000,121.212121,3.323675570,-0.276569641,-14.520523822,3.323675570
6.663000,0.800000,121.212121,3.321039888,-0.331667112,-14.554662430,3.321039888
6.664000,0.800000,121.212121,3.318735415,-0.442672683,-14.647342907,3.318735415
6.665000,0.800000,121.212121,3.340091586,-0.263388889,-14.508755481,3.340091586
6.666000,0.800000,121.212121,3.341676191,-0.194478996,-14.607204795,3.341676191
6.667000,0.800000,121.212121,3.343061670,-0.197060428,-14.504787044,3.343061670
6.668000,0.800000,121.212121,3.344273043,-0.136485615,-14.540903194,3.344273043
6.669000,0.800000,121.212121,3.351615377,-0.272018417,-14.572480854,3.351615377
6.670000,0.800000,121.212121,3.351871192,-0.494129605,-14.514357993,3.351871192
6.671000,0.800000,121.212121,3.351975529,-0.396223979,-14.549271421,3.351975529
6.672000,0.800000,121.212121,3.352066754,-0.310621535,-14.516965646,3.352066754
6.673000,0.800000,121.212121,3.339580145,-0.424271772,-14.551551387,3.339580145
6.674000,0.800000,121.212121,3.341229020,-0.586472151,-14.456127250,3.341229020
6.675000,0.800000,121.212121,3.341229020,-0.586472151,-14.456127250,3.341229020
6.676000,0.800000,121.212121,3.341229020,-0.586472151,-14.456127250,3.341229020
6.677000,0.800000,121.212121,3.344516998,-0.301932708,-14.305862142,3.344516998
6.678000,0.800000,121.212121,3.351828675,-0.416674815,-14.366975932,3.351828675
6.679000,0.800000,121.212121,3.358221540,-0.328502444,-14.420409937,3.358221540
6.680000,0.800000,121.212121,3.363204551,-0.121173687,-14.398105258,3.363204551
6.681000,0.800000,121.212121,3.361884696,-0.070135083,-14.321963730,3.361884696
6.682000,0.800000,121.212121,3.367013884,-0.214005739,-14.443885988,3.367013884
6.683000,0.800000,121.212121,3.358932148,-0.276965221,-14.487655190,3.358932148
6.684000,0.800000,121.212121,3.345582808,-0.394844835,-14.337428633,3.345582808
6.685000,0.800000,121.212121,3.329093813,-0.217447100,-13.879961555,3.329093813
6.686000,0.800000,121.212121,3.311100664,-0.515243654,-13.875079612,3.311100664
6.687000,0.800000,121.212121,3.322611562,-0.477516610,-13.927495278,3.322611562
6.688000,0.800000,121.212121,3.338959142,-0.444530487,-13.847660491,3.338959142
6.689000,0.800000,121.212121,3.346969240,-0.541353228,-13.903521746,3.346969240
6.690000,0.800000,121.212121,3.341406389,-0.626008865,-13.952363268,3.341406389
6.691000,0.800000,121.212121,3.355843592,-0.521310815,-13.843909208,3.355843592
6.692000,0.800000,121.212121,3.355448742,-0.419989496,-13.711746303,3.355448742
6.693000,0.800000,121.212121,3.367669881,-0.394232443,-13.847518891,3.367669881
6.694000,0.800000,121.212121,3.365788896,-0.308880264,-13.966229793,3.365788896
6.695000,0.800000,121.212121,3.357861097,-0.485581168,-14.007191190,3.357861097
6.696000,0.800000,121.212121,3.345658586,-0.468895072,-13.956550714,3.345658586
6.697000,0.800000,121.212121,3.346543622,-0.436992363,-13.873064714,3.346543622
6.698000,0.800000,121.212121,3.334751070,-0.471930520,-13.862901726,3.334751070
6.699000,0.800000,121.212121,3.318157229,-0.376814512,-13.916847711,3.318157229
6.700000,0.800000,121.212121,3.316215002,-0.105155575,-13.838350937,3.316215002
6.701000,0.800000,121.212121,3.331092067,-0.083992447,-13.717606087,3.331092067
6.702000,0.800000,121.212121,3.340090771,-0.163289881,-13.789810460,3.340090771
6.703000,0.800000,121.212121,3.341675479,-0.295454359,-13.852941364,3.341675479
6.704000,0.800000,121.212121,3.343061046,-0.411010559,-13.908139005,3.343061046
6.705000,0.800000,121.212121,3.344272499,-0.574877392,-13.767904746,3.344272499
6.706000,0.800000,121.212121,3.346257827,-0.309518455,-13.773624853,3.346257827
6.707000,0.800000,121.212121,3.340784374,-0.234811749,-13.650294141,3.340784374
6.708000,0.800000,121.212121,3.335998736,-0.357988524,-13.605293476,3.335998736
6.709000,0.800000,121.212121,3.338097664,-0.340022743,-13.691611468,3.338097664
6.710000,0.800000,121.212121,3.338097664,-0.340022743,-13.691611468,3.338097664
6.711000,0.800000,121.212121,3.332643424,-0.242643744,-13.765100532,3.332643424
6.712000,0.800000,121.212121,3.322597622,-0.364836321,-13.580009165,3.322597622
6.713000,0.800000,121.212121,3.307531028,-0.408841874,-13.481008918,3.307531028
6.714000,0.800000,121.212121,3.306924129,-0.321653819,-13.520113115,3.306924129
6.715000,0.800000,121.212121,3.300110309,-0.245422139,-13.742798893,3.300110309
6.716000,0.800000,121.212121,3.295227006,-0.301093518,-13.746536650,3.295227006
6.717000,0.800000,121.212121,3.308732646,-0.353109227,-13.626609942,3.308732646
6.718000,0.800000,121.212121,3.314257932,-0.210092890,-13.647417374,3.314257932
6.719000,0.800000,121.212121,3.319088890,-0.210712223,-13.602778215,3.319088890
6.720000,0.800000,121.212121,3.323312773,-0.148421875,-13.563748578,3.323312773
6.721000,0.800000,121.212121,3.330234872,-0.281876482,-13.735322844,3.330234872
6.722000,0.800000,121.212121,3.339341294,-0.147811516,-13.679637157,3.339341294
6.723000,0.800000,121.212121,3.339341294,-0.147811516,-13.679637157,3.339341294
6.724000,0.800000,121.212121,3.339341294,-0.147811516,-13.679637157,3.339341294
6.725000,0.800000,121.212121,3.334736999,0.032238203,-13.630949141,3.334736999
6.726000,0.800000,121.212121,3.327520414,0.006568350,-13.717261981,3.327520414
6.727000,0.800000,121.212121,3.311835203,-0.021277436,-13.601014036,3.311835203
6.728000,0.800000,121.212121,3.310687425,0.017207834,-13.562206092,3.310687425
6.729000,0.800000,121.212121,3.315967067,0.050856904,-13.465443045,3.315967067
6.730000,0.800000,121.212121,3.320583249,0.080277506,-13.506503308,3.320583249
6.731000,0.800000,121.212121,3.310088262,0.183428166,-14.107696819,3.310088262
6.732000,0.800000,121.212121,3.302876825,0.070525666,-14.130880945,3.302876825
6.733000,0.800000,121.212121,3.296571605,-0.091020940,-14.025487962,3.296571605
6.734000,0.800000,121.212121,3.303625093,-0.043771442,-13.933339051,3.303625093
6.735000,0.800000,121.212121,3.286048401,-0.052525478,-13.823702049,3.286048401
6.736000,0.800000,121.212121,3.275574718,0.178382097,-14.008237716,3.275574718
6.737000,0.800000,121.212121,3.276470430,0.242634223,-14.130054938,3.276470430
6.738000,0.800000,121.212121,3.273483535,0.059459817,-13.961933901,3.273483535
6.739000,0.800000,121.212121,3.258305614,-0.226359920,-14.003435135,3.258305614
6.740000,0.800000,121.212121,3.238751822,-0.287766930,-14.039721171,3.238751822
6.741000,0.800000,121.212121,3.246787972,-0.278625455,-13.945783662,3.246787972
6.742000,0.800000,121.212121,3.247391247,-0.145876380,-13.729006997,3.247391247
6.743000,0.800000,121.212121,3.248058550,-0.091733544,-13.674114983,3.248058550
6.744000,0.800000,121.212121,3.254925183,0.081269209,-13.688952756,3.254925183
6.745000,0.800000,121.212121,3.267212114,-0.081627471,-13.827589666,3.267212114
6.746000,0.800000,121.212121,3.271671839,-0.035558391,-13.885973095,3.271671839
6.747000,0.800000,121.212121,3.271671839,-0.035558391,-13.885973095,3.271671839
6.748000,0.800000,121.212121,3.271671839,-0.035558391,-13.885973095,3.271671839
6.749000,0.800000,121.212121,3.271671839,-0.035558391,-13.885973095,3.271671839
6.750000,0.800000,121.212121,3.254577207,-0.081393053,-14.316677141,3.254577207
6.751000,0.800000,121.212121,3.254341495,-0.035353431,-14.187936319,3.254341495
6.752000,0.800000,121.212121,3.260238397,0.047991997,-14.283219410,3.260238397
6.753000,0.800000,121.212121,3.271857650,0.077772614,-14.221514863,3.271857650
6.754000,0.800000,121.212121,3.275733600,0.103810888,-14.293228045,3.275733600
6.755000,0.800000,121.212121,3.266556113,0.063745244,-14.481593189,3.266556113
6.756000,0.800000,121.212121,3.258531902,-0.096949310,-14.520623964,3.258531902
6.757000,0.800000,121.212121,3.275218614,-0.360295584,-14.584587608,3.275218614
6.758000,0.800000,121.212121,3.272389027,-0.342039889,-14.422180164,3.272389027
6.759000,0.800000,121.212121,3.276198202,-0.200414566,-14.343013294,3.276198202
6.760000,0.800000,121.212121,3.271039658,-0.064795334,-14.672560879,3.271039658
6.761000,0.800000,121.212121,3.275018400,-0.020841443,-14.813257653,3.275018400
6.762000,0.800000,121.212121,3.272213972,0.080420892,-14.936273949,3.272213972
6.763000,0.800000,121.212121,3.267618076,0.246369633,-15.200704938,3.267618076
6.764000,0.800000,121.212121,3.272026786,0.251221381,-15.149369466,3.272026786
6.765000,0.800000,121.212121,3.282164667,0.192631588,-15.104485000,3.282164667
6.766000,0.800000,121.212121,3.284745399,0.204236258,-15.190904588,3.284745399
6.767000,0.800000,121.212121,3.280718641,0.402878201,-15.203632517,3.280718641
6.768000,0.800000,121.212121,3.274119588,0.437940453,-15.098827344,3.274119588
6.769000,0.800000,121.212121,3.283994480,0.544382408,-15.060294188,3.283994480
6.770000,0.800000,121.212121,3.292628456,0.386121061,-15.089435104,3.292628456
6.771000,0.800000,121.212121,3.287611083,0.436242980,-15.052082212,3.287611083
6.772000,0.800000,121.212121,3.283224213,0.542898246,-15.082255075,3.283224213
6.773000,0.800000,121.212121,3.270541391,0.419317024,-15.383029784,3.270541391
6.774000,0.800000,121.212121,3.274582747,0.465267415,-15.560110108,3.274582747
6.775000,0.800000,121.212121,3.284399436,0.693939069,-15.400778597,3.284399436
6.776000,0.800000,121.212121,3.286699338,0.831043142,-15.387132981,3.286699338
6.777000,0.800000,121.212121,3.282427041,0.762422651,-15.438033976,3.282427041
6.778000,0.800000,121.212121,3.287991970,0.485158863,-15.403682517,3.287991970
6.779000,0.800000,121.212121,3.296123606,0.522835325,-15.389671983,3.296123606
6.780000,0.800000,121.212121,3.296950206,0.618609076,-15.440253918,3.296950206
6.781000,0.800000,121.212121,3.297672932,0.513851983,-15.547311392,3.297672932
6.782000,0.800000,121.212121,3.279455281,0.485090908,-15.578083775,3.279455281
6.783000,0.800000,121.212121,3.273153796,0.500789104,-15.510745540,3.273153796
6.784000,0.800000,121.212121,3.257554809,0.492057894,-15.776777191,3.257554809
6.785000,0.800000,121.212121,3.275794477,0.528867398,-15.778714051,3.275794477
6.786000,0.800000,121.212121,3.298025266,0.561051283,-15.780407517,3.298025266
6.787000,0.800000,121.212121,3.292329711,0.463527116,-15.844720030,3.292329711
6.788000,0.800000,121.212121,3.287349880,0.315426344,-15.838118941,3.287349880
6.789000,0.800000,121.212121,3.278399364,0.143446298,-16.133564656,3.278399364
6.790000,0.800000,121.212121,3.281453257,0.349727334,-16.216329986,3.281453257
6.791000,0.800000,121.212121,3.284123387,0.278758917,-16.225862866,3.284123387
6.792000,0.800000,121.212121,3.280174793,0.279540508,-16.234197808,3.280174793
6.793000,0.800000,121.212121,3.270439209,0.280223881,-16.241485351,3.270439209
6.794000,0.800000,121.212121,3.284321321,0.218511940,-16.135660155,3.284321321
6.795000,0.800000,121.212121,3.292914225,0.164032536,-16.155330305,3.292914225
6.796000,0.800000,121.212121,3.288936290,0.121792162,-16.069797728,3.288936290
6.797000,0.800000,121.212121,3.278099704,0.079466924,-15.972080688,3.278099704
6.798000,0.800000,121.212121,3.268624883,0.105292285,-15.886643133,3.268624883
6.799000,0.800000,121.212121,3.254057518,0.127872336,-15.749110125,3.254057518
6.800000,0.800000,121.212121,3.254057518,0.127872336,-15.749110125,3.254057518
6.801000,0.800000,121.212121,3.244790884,-0.063462727,-15.873267888,3.244790884
6.802000,0.800000,121.212121,3.252068144,-0.082508149,-15.800247516,3.252068144
6.803000,0.800000,121.212121,3.239581360,-0.036328400,-15.736403155,3.239581360
6.804000,0.800000,121.212121,3.228663712,0.004048231,-15.617749860,3.228663712
6.805000,0.800000,121.212121,3.225401201,-0.023480868,-15.639670683,3.225401201
6.806000,0.800000,121.212121,3.231041832,-0.005763710,-15.730530704,3.231041832
6.807000,0.800000,121.212121,3.214914107,-0.032059805,-15.486951656,3.214914107
6.808000,0.800000,121.212121,3.207096237,-0.180715140,-15.273981654,3.207096237
6.809000,0.800000,121.212121,3.200260790,-0.059362484,-15.276269812,3.200260790
6.810000,0.800000,121.212121,3.194284310,-0.078923158,-15.089774871,3.194284310
6.811000,0.800000,121.212121,3.208833227,-0.173811048,-14.972642476,3.208833227
6.812000,0.800000,121.212121,3.226912244,-0.304653397,-14.949966178,3.226912244
6.813000,0.800000,121.212121,3.223869830,-0.419053612,-14.930139468,3.223869830
6.814000,0.800000,121.212121,3.221209736,-0.456246019,-14.912804255,3.221209736
6.815000,0.800000,121.212121,3.218883919,-0.425932837,-14.960479303,3.218883919
6.816000,0.800000,121.212121,3.215861939,-0.611791632,-15.156377206,3.215861939
6.817000,0.800000,121.212121,3.207924961,-0.561932012,-15.236275827,3.207924961
6.818000,0.800000,121.212121,3.194702188,-0.581169789,-15.243302238,3.194702188
6.819000,0.800000,121.212121,3.189424223,-0.660821929,-15.437941244,3.189424223
6.820000,0.800000,121.212121,3.184809507,-0.793296539,-15.482457484,3.184809507
6.821000,0.800000,121.212121,3.178036477,-0.657091896,-14.840906891,3.178036477
6.822000,0.800000,121.212121,3.168569601,-0.727203382,-14.646289416,3.168569601
6.823000,0.800000,121.212121,3.160292369,-0.851336253,-14.538960147,3.160292369
6.824000,0.800000,121.212121,3.171904840,-0.897038274,-14.633613831,3.171904840
6.825000,0.800000,121.212121,3.211263490,-0.931754387,-15.009903725,3.211263490
6.826000,0.800000,121.212121,3.216470741,-0.904518914,-14.856881335,3.216470741
6.827000,0.800000,121.212121,3.221023629,-0.943537805,-14.723088305,3.221023629
6.828000,0.800000,121.212121,3.218721200,-0.977653437,-14.543276350,3.218721200
6.829000,0.800000,121.212121,3.235557658,-0.818986414,-14.700219497,3.235557658
6.830000,0.800000,121.212121,3.257655633,-0.857330754,-14.352786485,3.257655633
6.831000,0.800000,121.212121,3.269599446,-0.965111337,-14.156676176,3.269599446
6.832000,0.800000,121.212121,3.280042355,-0.745188547,-14.110873521,3.280042355
6.833000,0.800000,121.212121,3.282889784,-0.552902070,-14.007994745,3.282889784
6.834000,0.800000,121.212121,3.291662580,-0.447610877,-13.855212243,3.291662580
6.835000,0.800000,121.212121,3.311533057,-0.565531859,-14.028863847,3.311533057
6.836000,0.800000,121.212121,3.310423248,-0.584317267,-14.124786269,3.310423248
6.837000,0.800000,121.212121,3.315736087,-0.537910177,-14.082991018,3.315736087
6.838000,0.800000,121.212121,3.320381295,-0.497334774,-13.983616061,3.320381295
6.839000,0.800000,121.212121,3.324442769,-0.461858227,-13.896728928,3.324442769
6.840000,0.800000,121.212121,3.348369132,-0.639255298,-14.107642342,3.348369132
6.841000,0.800000,121.212121,3.355196736,-0.523112638,-14.193665167,3.355196736
6.842000,0.800000,121.212121,3.354883172,-0.358733043,-14.331709898,3.354883172
6.843000,0.800000,121.212121,3.348325827,-0.277841850,-14.515239269,3.348325827
6.844000,0.800000,121.212121,3.348325827,-0.277841850,-14.515239269,3.348325827
6.845000,0.800000,121.212121,3.348325827,-0.277841850,-14.515239269,3.348325827
6.846000,0.800000,121.212121,3.348325827,-0.277841850,-14.515239269,3.348325827
6.847000,0.800000,121.212121,3.326812841,0.061312958,-14.437602639,3.326812841
6.848000,0.800000,121.212121,3.323782918,0.089419614,-14.544993283,3.323782918
6.849000,0.800000,121.212121,3.323782918,0.089419614,-14.544993283,3.323782918
6.850000,0.800000,121.212121,3.358769393,0.209203427,-14.421026429,3.358769393
6.851000,0.800000,121.212121,3.358006876,0.281557472,-14.342004541,3.358006876
6.852000,0.800000,121.212121,3.369906550,0.344819239,-14.272912837,3.369906550
6.853000,0.800000,121.212121,3.367744497,0.462963151,-14.275335306,3.367744497
6.854000,0.800000,121.212121,3.365854135,0.503428808,-14.151789652,3.365854135
6.855000,0.800000,121.212121,3.338413037,0.397039745,-13.886491151,3.338413037
6.856000,0.800000,121.212121,3.315075834,0.257294022,-13.811809095,3.315075834
6.857000,0.800000,121.212121,3.307237641,0.197941118,-13.809343716,3.307237641
6.858000,0.800000,121.212121,3.306667610,-0.168112545,-13.807188145,3.306667610
6.859000,0.800000,121.212121,3.325018767,-0.236839137,-13.742471599,3.325018767
6.860000,0.800000,121.212121,3.354303079,-0.655731873,-13.817013982,3.354303079
6.861000,0.800000,121.212121,3.354101816,-0.663182412,-13.939558243,3.354101816
6.862000,0.800000,121.212121,3.328793103,-0.669696689,-13.921039433,3.328793103
6.863000,0.800000,121.212121,3.331797517,-0.549728652,-13.904847764,3.331797517
6.864000,0.800000,121.212121,3.340707572,-0.444836243,-14.016354507,3.340707572
6.865000,0.800000,121.212121,3.325472581,-0.335770390,-14.010596226,3.325472581
6.866000,0.800000,121.212121,3.322611080,-0.383428475,-14.045982372,3.322611080
6.867000,0.800000,121.212121,3.326392350,-0.362265815,-13.951258058,3.326392350
6.868000,0.800000,121.212121,3.342264823,-0.343762534,-13.805605299,3.342264823
6.869000,0.800000,121.212121,3.343576332,-0.390416297,-13.741087659,3.343576332
6.870000,0.800000,121.212121,3.345725632,-0.286272619,-13.753124157,3.345725632
6.871000,0.800000,121.212121,3.346602243,-0.151655218,-13.758033344,3.346602243
6.872000,0.800000,121.212121,3.347368695,0.028877514,-13.762325625,3.347368695
6.873000,0.800000,121.212121,3.341755647,-0.001771725,-13.703246669,3.341755647
6.874000,0.800000,121.212121,3.330564770,0.034262386,-13.651591794,3.330564770
6.875000,0.800000,121.212121,3.289461121,-0.150116633,-13.613980257,3.289461121
6.876000,0.800000,121.212121,3.278558583,-0.346768363,-13.510711077,3.278558583
6.877000,0.800000,121.212121,3.275309283,-0.455876255,-13.483250937,3.275309283
6.878000,0.800000,121.212121,3.266185117,-0.551273245,-13.584905247,3.266185117
6.879000,0.800000,121.212121,3.251924342,-0.571850443,-13.673785299,3.251924342
6.880000,0.800000,121.212121,3.258390571,-0.841108405,-13.764505782,3.258390571
6.881000,0.800000,121.212121,3.263958843,-0.950927548,-13.705152859,3.263958843
6.882000,0.800000,121.212121,3.249977830,-1.109778264,-13.716090298,3.249977830
6.883000,0.800000,121.212121,3.237753723,-1.248667210,-13.599989591,3.237753723
6.884000,0.800000,121.212121,3.233348928,-1.244439151,-13.498478530,3.233348928
6.885000,0.800000,121.212121,3.255177570,-1.111846499,-13.764049465,3.255177570
6.886000,0.800000,121.212121,3.248583229,-0.999148131,-13.893249444,3.248583229
6.887000,0.800000,121.212121,3.249100744,-0.963443711,-13.880549969,3.249100744
6.888000,0.800000,121.212121,3.249553225,-0.932226040,-13.869446357,3.249553225
6.889000,0.800000,121.212121,3.249948846,-0.779267592,-13.859738065,3.249948846
6.890000,0.800000,121.212121,3.251386758,-0.889798999,-13.733955777,3.251386758
6.891000,0.800000,121.212121,3.257835156,-0.993499502,-13.804105587,3.257835156
6.892000,0.800000,121.212121,3.269756409,-1.209832322,-13.739776406,3.269756409
6.893000,0.800000,121.212121,3.286462779,-1.461811810,-13.746362921,3.286462779
6.894000,0.800000,121.212121,3.288503394,-1.556462917,-13.814953604,3.288503394
6.895000,0.800000,121.212121,3.288503394,-1.556462917,-13.814953604,3.288503394
6.896000,0.800000,121.212121,3.288503394,-1.556462917,-13.814953604,3.288503394
6.897000,0.800000,121.212121,3.326960589,-1.622359000,-13.887300530,3.326960589
6.898000,0.800000,121.212121,3.330195285,-1.634003298,-13.749684911,3.330195285
6.899000,0.800000,121.212121,3.337519335,-1.755843687,-13.691252144,3.337519335
6.900000,0.800000,121.212121,3.345710365,-1.562218246,-13.829600104,3.345710365
6.901000,0.800000,121.212121,3.352872079,-1.455756348,-14.139058306,3.352872079
6.902000,0.800000,121.212121,3.346567455,-1.174177287,-14.032637725,3.346567455
6.903000,0.800000,121.212121,3.348801807,-1.254525080,-13.928963187,3.348801807
6.904000,0.800000,121.212121,3.355575039,-1.312392752,-14.037439497,3.355575039
6.905000,0.800000,121.212121,3.361497122,-1.300156705,-14.069452418,3.361497122
6.906000,0.800000,121.212121,3.366675014,-1.163794578,-13.908946918,3.366675014
6.907000,0.800000,121.212121,3.371202232,-1.170231928,-13.894274840,3.371202232
6.908000,0.800000,121.212121,3.377831871,-1.055117753,-13.870230235,3.377831871
6.909000,0.800000,121.212121,3.380957078,-0.949548129,-13.734759733,3.380957078
6.910000,0.800000,121.212121,3.383689560,-0.794412923,-13.679144809,3.383689560
6.911000,0.800000,121.212121,3.392361853,-0.721604434,-13.630518662,3.392361853
6.912000,0.800000,121.212121,3.399944354,-0.720777183,-13.462339352,3.399944354
6.913000,0.800000,121.212121,3.412370558,-0.727317168,-13.304495078,3.412370558
6.914000,0.800000,121.212121,3.417438690,-0.725772034,-13.240116952,3.417438690
6.915000,0.800000,121.212121,3.415586758,-0.724421067,-13.309492526,3.415586758
6.916000,0.800000,121.212121,3.420250731,-0.786071721,-13.370150109,3.420250731
6.917000,0.800000,121.212121,3.424328612,-0.839975125,-13.423185235,3.424328612
6.918000,0.800000,121.212121,3.424328612,-0.839975125,-13.423185235,3.424328612
6.919000,0.800000,121.212121,3.424328612,-0.839975125,-13.423185235,3.424328612
6.920000,0.800000,121.212121,3.424328612,-0.839975125,-13.423185235,3.424328612
6.921000,0.800000,121.212121,3.408025325,-0.562307942,-13.645404017,3.408025325
6.922000,0.800000,121.212121,3.401073125,-0.518666625,-13.538186010,3.401073125
6.923000,0.800000,121.212121,3.401073125,-0.518666625,-13.538186010,3.401073125
6.924000,0.800000,121.212121,3.409376191,-0.653513477,-13.542140163,3.409376191
6.925000,0.800000,121.212121,3.402254236,-0.724074641,-13.636394235,3.402254236
6.926000,0.800000,121.212121,3.396027253,-0.848600681,-13.593140284,3.396027253
6.927000,0.800000,121.212121,3.396865960,-0.894646464,-13.555321785,3.396865960
6.928000,0.800000,121.212121,3.409227669,-0.962210622,-13.728880864,3.409227669
6.929000,0.800000,121.212121,3.402124378,-0.993979759,-13.925332113,3.402124378
6.930000,0.800000,121.212121,3.402196898,-0.958924815,-13.971432864,3.402196898
6.931000,0.800000,121.212121,3.408543491,-0.928275006,-13.886076717,3.408543491
6.932000,0.800000,121.212121,3.407809362,-0.964308618,-13.748614887,3.407809362
6.933000,0.800000,121.212121,3.394829468,-0.662160759,-13.162142655,3.394829468
6.934000,0.800000,121.212121,3.389535509,-0.543139715,-13.178484915,3.389535509
6.935000,0.800000,121.212121,3.384906808,-0.564739002,-13.381269106,3.384906808
6.936000,0.800000,121.212121,3.380859766,-0.709287749,-13.495738830,3.380859766
6.937000,0.800000,121.212121,3.383604477,-0.772840111,-13.532992012,3.383604477
6.938000,0.800000,121.212121,3.370042521,-0.814157886,-13.476274513,3.370042521
6.939000,0.800000,121.212121,3.380429752,-0.676036319,-13.453141800,3.380429752
6.940000,0.800000,121.212121,3.402078055,-0.618103473,-13.432916029,3.402078055
6.941000,0.800000,121.212121,3.408439582,-0.567450684,-13.352400050,3.408439582
6.942000,0.800000,121.212121,3.414001695,-0.271835699,-13.407665714,3.414001695
6.943000,0.800000,121.212121,3.412581668,-0.139032495,-13.330322784,3.412581668
6.944000,0.800000,121.212121,3.412581668,-0.139032495,-13.330322784,3.412581668
6.945000,0.800000,121.212121,3.412581668,-0.139032495,-13.330322784,3.412581668
6.946000,0.800000,121.212121,3.412581668,-0.139032495,-13.330322784,3.412581668
6.947000,0.800000,121.212121,3.411112722,0.105749116,-13.365525902,3.411112722
6.948000,0.800000,121.212121,3.386367534,0.030196102,-13.583788754,3.386367534
6.949000,0.800000,121.212121,3.347811606,-0.082497624,-13.577938644,3.347811606
6.950000,0.800000,121.212121,3.348426085,-0.099151050,-13.479198586,3.348426085
6.951000,0.800000,121.212121,3.355246532,-0.113711745,-13.518530276,3.355246532
6.952000,0.800000,121.212121,3.360140697,-0.027701477,-13.881354958,3.360140697
6.953000,0.800000,121.212121,3.352922671,-0.051240791,-13.870150188,3.352922671
6.954000,0.800000,121.212121,3.346611690,0.053841640,-13.797521598,3.346611690
6.955000,0.800000,121.212121,3.347376955,0.082887169,-13.671187932,3.347376955
6.956000,0.800000,121.212121,3.341762869,0.045450877,-13.435066117,3.341762869
6.957000,0.800000,121.212121,3.331772935,-0.330058994,-13.283645673,3.331772935
6.958000,0.800000,121.212121,3.334402893,-0.378434795,-13.347551267,3.334402893
6.959000,0.800000,121.212121,3.342985546,-0.357899659,-13.403426247,3.342985546
6.960000,0.800000,121.212121,3.350489671,-0.465608751,-13.326616064,3.350489671
6.961000,0.800000,121.212121,3.357050800,-0.559782720,-13.447953692,3.357050800
6.962000,0.800000,121.212121,3.344249575,-0.250938636,-13.411265783,3.344249575
6.963000,0.800000,121.212121,3.345311672,-0.372088847,-13.521966014,3.345311672
6.964000,0.800000,121.212121,3.333673932,-0.478014873,-13.744418949,3.333673932
6.965000,0.800000,121.212121,3.329781818,-0.382134283,-13.813253919,3.329781818
6.966000,0.800000,121.212121,3.338945173,-0.361134256,-13.747775125,3.338945173
6.967000,0.800000,121.212121,3.335902093,-0.397446944,-13.404932415,3.335902093
6.968000,0.800000,121.212121,3.335902093,-0.397446944,-13.404932415,3.335902093
6.969000,0.800000,121.212121,3.335902093,-0.397446944,-13.404932415,3.335902093
6.970000,0.800000,121.212121,3.325446795,-0.500186378,-13.327932961,3.325446795
6.971000,0.800000,121.212121,3.331784460,-0.623571739,-13.333913598,3.331784460
6.972000,0.800000,121.212121,3.321846599,-0.697895493,-13.328670485,3.321846599
6.973000,0.800000,121.212121,3.325723938,-0.825711302,-13.261254388,3.325723938
6.974000,0.800000,121.212121,3.338361306,-0.619039960,-13.087941018,3.338361306
6.975000,0.800000,121.212121,3.340163345,-0.693933194,-13.050775878,3.340163345
6.976000,0.800000,121.212121,3.335455747,-0.759415067,-12.892617341,3.335455747
6.977000,0.800000,121.212121,3.337622910,-0.816668245,-12.817165445,3.337622910
6.978000,0.800000,121.212121,3.339517738,-0.866726776,-12.814026967,3.339517738
6.979000,0.800000,121.212121,3.343412552,-0.532626789,-12.863819798,3.343412552
6.980000,0.800000,121.212121,3.369712574,-0.492715317,-12.729154855,3.369712574
6.981000,0.800000,121.212121,3.380141267,-0.520651120,-12.674244261,3.380141267
6.982000,0.800000,121.212121,3.382976267,-0.607908261,-12.751897642,3.382976267
6.983000,0.800000,121.212121,3.372888639,-0.621368493,-12.819792811,3.372888639
6.984000,0.800000,121.212121,3.386193822,-0.761195146,-12.978099917,3.386193822
6.985000,0.800000,121.212121,3.375701865,-0.881056486,-12.766242258,3.375701865
6.986000,0.800000,121.212121,3.360245180,-1.048687458,-12.581007417,3.360245180
6.987000,0.800000,121.212121,3.359297210,-1.195253302,-12.544713579,3.359297210
6.988000,0.800000,121.212121,3.377317922,-1.197737432,-12.512980559,3.377317922
6.989000,0.800000,121.212121,3.388790281,-1.146872255,-12.515912648,3.388790281
6.990000,0.800000,121.212121,3.390538413,-1.218267980,-12.487798860,3.390538413
6.991000,0.800000,121.212121,3.404633239,-1.029364441,-12.337554248,3.404633239
6.992000,0.800000,121.212121,3.416956858,-0.801367368,-12.269021785,3.416956858
6.993000,0.800000,121.212121,3.421448659,-0.602021252,-12.146269511,3.421448659
6.994000,0.800000,121.212121,3.404466651,-0.573700686,-11.952998739,3.404466651
6.995000,0.800000,121.212121,3.397961647,-0.654291421,-11.995622799,3.397961647
6.996000,0.800000,121.212121,3.404840457,-0.724754826,-12.032890561,3.404840457
6.997000,0.800000,121.212121,3.417138035,-0.597867979,-12.002643266,3.417138035
6.998000,0.800000,121.212121,3.427890255,-0.612589910,-11.913365104,3.427890255
6.999000,0.800000,121.212121,3.456498228,-0.322556948,-11.649288009,3.456498228
7.000000,0.800000,121.212121,3.449320771,-0.250187960,-11.690842316,3.449320771
7.001000,0.800000,121.212121,3.443462417,-0.245768797,-11.766409924,3.443462417
7.002000,0.800000,121.212121,3.444623432,-0.304736816,-11.706817720,3.444623432
7.003000,0.800000,121.212121,3.445736534,-0.409269303,-11.719030340,3.445736534
7.004000,0.800000,121.212121,3.440328589,-0.447691243,-11.728223883,3.440328589
7.005000,0.800000,121.212121,3.454449783,-0.481284939,-11.736262131,3.454449783
7.006000,0.800000,121.212121,3.454230084,-0.322161567,-11.680458410,3.454230084
7.007000,0.800000,121.212121,3.437389191,-0.187053852,-11.824543304,3.437389191
7.008000,0.800000,121.212121,3.452763652,-0.037430698,-11.964816522,3.452763652
7.009000,0.800000,121.212121,3.432144041,-0.069780811,-12.538620006,3.432144041
7.010000,0.800000,121.212121,3.434727365,-0.025200426,-12.507652727,3.434727365
7.011000,0.800000,121.212121,3.437381779,0.032066552,-12.519735396,3.437381779
7.012000,0.800000,121.212121,3.433023724,-0.061815286,-12.365477521,3.433023724
7.013000,0.800000,121.212121,3.441779688,-0.018235879,-12.419099822,3.441779688
7.014000,0.800000,121.212121,3.449435346,0.082699032,-12.465983745,3.449435346
7.015000,0.800000,121.212121,3.468695336,0.233781941,-12.506976061,3.468695336
7.016000,0.800000,121.212121,3.468695336,0.233781941,-12.506976061,3.468695336
7.017000,0.800000,121.212121,3.480761389,0.265557998,-12.215015896,3.480761389
7.018000,0.800000,121.212121,3.489801647,0.267998465,-12.350377615,3.489801647
7.019000,0.800000,121.212121,3.475229693,0.233492105,-12.467284973,3.475229693
7.020000,0.800000,121.212121,3.484965084,0.177130238,-12.633777478,3.484965084
7.021000,0.800000,121.212121,3.487193905,0.065019159,-12.842179771,3.487193905
7.022000,0.800000,121.212121,3.467292892,-0.008836166,-13.073837161,3.467292892
7.023000,0.800000,121.212121,3.471742466,-0.223241723,-13.226939923,3.471742466
7.024000,0.800000,121.212121,3.475632890,-0.285040578,-13.235139519,3.475632890
7.025000,0.800000,121.212121,3.466468059,-0.150578000,-13.305140576,3.466468059
7.026000,0.800000,121.212121,3.471021284,-0.095844341,-13.429176893,3.471021284
7.027000,0.800000,121.212121,3.484766297,-0.414387044,-13.569615789,3.484766297
7.028000,0.800000,121.212121,3.493303283,-0.326502163,-13.346257906,3.493303283
7.029000,0.800000,121.212121,3.494484295,-0.123997516,-13.339463561,3.494484295
7.030000,0.800000,121.212121,3.495516896,-0.135435912,-13.584850432,3.495516896
7.031000,0.800000,121.212121,3.490136552,-0.019773211,-13.736569225,3.490136552
7.032000,0.800000,121.212121,3.492306476,-0.073656876,-13.993101706,3.492306476
7.033000,0.800000,121.212121,3.493612751,-0.217084970,-14.030686278,3.493612751
7.034000,0.800000,121.212121,3.507321244,-0.279657505,-14.000715981,3.507321244
7.035000,0.800000,121.212121,3.519307078,-0.334366943,-13.911680009,3.519307078
7.036000,0.800000,121.212121,3.523503542,-0.445033243,-14.022328187,3.523503542
7.037000,0.800000,121.212121,3.520889477,-0.478960953,-14.181903758,3.520889477
7.038000,0.800000,121.212121,3.520889477,-0.478960953,-14.181903758,3.520889477
7.039000,0.800000,121.212121,3.520889477,-0.478960953,-14.181903758,3.520889477
7.040000,0.800000,121.212121,3.504039177,-0.181257625,-14.309856853,3.504039177
7.041000,0.800000,121.212121,3.489975356,-0.200349418,-14.451364931,3.489975356
7.042000,0.800000,121.212121,3.486689630,-0.250845680,-14.767177619,3.486689630
7.043000,0.800000,121.212121,3.494984924,-0.120680160,-14.895984503,3.494984924
7.044000,0.800000,121.212121,3.494984924,-0.120680160,-14.895984503,3.494984924
7.045000,0.800000,121.212121,3.502296067,-0.323500794,-14.926473380,3.502296067
7.046000,0.800000,121.212121,3.489780642,-0.435532575,-14.909598862,3.489780642
7.047000,0.800000,121.212121,3.462987174,-0.430634726,-14.991817236,3.462987174
7.048000,0.800000,121.212121,3.474261006,-0.466371807,-14.841067661,3.474261006
7.049000,0.800000,121.212121,3.477834941,-0.434786181,-14.960589248,3.477834941
7.050000,0.800000,121.212121,3.493526132,-0.532833428,-15.002259456,3.493526132
7.051000,0.800000,121.212121,3.507245511,-0.618559695,-14.975861379,3.507245511
7.052000,0.800000,121.212121,3.524235214,-0.476471390,-15.176031932,3.524235214
7.053000,0.800000,121.212121,3.534095576,-0.317952907,-15.379124373,3.534095576
7.054000,0.800000,121.212121,3.536433662,-0.430681856,-15.493863613,3.536433662
7.055000,0.800000,121.212121,3.532194751,-0.340749308,-15.468520588,3.532194751
7.056000,0.800000,121.212121,3.528488517,-0.324949871,-15.383530409,3.528488517
7.057000,0.800000,121.212121,3.534191541,-0.597425648,-15.542616380,3.534191541
7.058000,0.800000,121.212121,3.536517568,-0.549371310,-15.511146902,3.536517568
7.059000,0.800000,121.212121,3.538551298,-0.570187512,-15.420800142,3.538551298
7.060000,0.800000,121.212121,3.546612647,-0.588387873,-15.341806691,3.546612647
7.061000,0.800000,121.212121,3.547377792,-0.667132962,-15.461235409,3.547377792
7.062000,0.800000,121.212121,3.548631712,-0.442876365,-15.703995708,3.548631712
7.063000,0.800000,121.212121,3.548631712,-0.442876365,-15.703995708,3.548631712
7.064000,0.800000,121.212121,3.548631712,-0.442876365,-15.703995708,3.548631712
7.065000,0.800000,121.212121,3.548631712,-0.442876365,-15.703995708,3.548631712
7.066000,0.800000,121.212121,3.592990544,-0.142243292,-15.816420199,3.592990544
7.067000,0.800000,121.212121,3.566230597,-0.630457246,-15.818608852,3.566230597
7.068000,0.800000,121.212121,3.564530478,-0.641083888,-15.815288990,3.564530478
7.069000,0.800000,121.212121,3.563044002,-0.461879588,-15.812386314,3.563044002
7.070000,0.800000,121.212121,3.561744322,-0.305194765,-15.998343959,3.561744322
7.071000,0.800000,121.212121,3.564239318,-0.234163939,-16.593185928,3.564239318
7.072000,0.800000,121.212121,3.562789430,-0.106094708,-16.492529840,3.562789430
7.073000,0.800000,121.212121,3.555238555,0.005880869,-16.278858863,3.555238555
7.074000,0.800000,121.212121,3.554919737,0.040953327,-16.154870426,3.554919737
7.075000,0.800000,121.212121,3.542074611,-0.054045257,-15.983630982,3.542074611
7.076000,0.800000,121.212121,3.519444880,-0.209728959,-15.828667446,3.519444880
7.077000,0.800000,121.212121,3.511057656,-0.021898465,-15.886915437,3.511057656
7.078000,0.800000,121.212121,3.516290773,0.079496699,-15.812180063,3.516290773
7.079000,0.800000,121.212121,3.520866277,-0.020345387,-15.684004361,3.520866277
7.080000,0.800000,121.212121,3.524866806,-0.107640947,-15.697599398,3.524866806
7.081000,0.800000,121.212121,3.531422874,-0.352677588,-15.719878949,3.531422874
7.082000,0.800000,121.212121,3.534096822,-0.209715493,-15.854629559,3.534096822
7.083000,0.800000,121.212121,3.530151567,-0.210382250,-15.972446907,3.530151567
7.084000,0.800000,121.212121,3.532985272,-0.273797074,-16.075458891,3.532985272
7.085000,0.800000,121.212121,3.541746069,-0.392074809,-15.977030449,3.541746069
7.086000,0.800000,121.212121,3.525476906,-0.232604322,-15.815725892,3.525476906
7.087000,0.800000,121.212121,3.525476906,-0.232604322,-15.815725892,3.525476906
7.088000,0.800000,121.212121,3.525476906,-0.232604322,-15.815725892,3.525476906
7.089000,0.800000,121.212121,3.525476906,-0.232604322,-15.815725892,3.525476906
7.090000,0.800000,121.212121,3.535984529,-0.392574503,-16.036553996,3.535984529
7.091000,0.800000,121.212121,3.556628047,-0.389626006,-15.491354017,3.556628047
7.092000,0.800000,121.212121,3.537285063,-0.430516395,-15.466326357,3.537285063
7.093000,0.800000,121.212121,3.507806421,-0.466268346,-15.570107472,3.507806421
7.094000,0.800000,121.212121,3.488544035,-0.234386437,-15.559584114,3.488544035
7.095000,0.800000,121.212121,3.468325018,-0.465361314,-15.433771363,3.468325018
7.096000,0.800000,121.212121,3.460078521,-0.559566376,-15.478811606,3.460078521
7.097000,0.800000,121.212121,3.452868309,-0.893260694,-15.581023779,3.452868309
7.098000,0.800000,121.212121,3.459130529,-1.059358040,-15.858887150,3.459130529
7.099000,0.800000,121.212121,3.464605816,-1.016087419,-15.976169474,3.464605816
7.100000,0.800000,121.212121,3.443741927,-0.890239346,-15.870003878,3.443741927
7.101000,0.800000,121.212121,3.451151003,-0.993884513,-15.734561820,3.451151003
7.102000,0.800000,121.212121,3.470195397,-0.896009685,-15.490476208,3.470195397
7.103000,0.800000,121.212121,3.455430675,-0.747602318,-15.277063298,3.455430675
7.104000,0.800000,121.212121,3.448804529,-0.932003636,-15.341796057,3.448804529
7.105000,0.800000,121.212121,3.449722400,-1.171368709,-15.573543826,3.449722400
7.106000,0.800000,121.212121,3.443813577,-1.302517971,-15.726683449,3.443813577
7.107000,0.800000,121.212121,3.438647278,-1.417186532,-15.672083421,3.438647278
7.108000,0.800000,121.212121,3.434130195,-1.391781710,-15.561512782,3.434130195
7.109000,0.800000,121.212121,3.430180746,-1.432401205,-15.590500565,3.430180746
7.110000,0.800000,121.212121,3.441768375,-1.436136590,-15.221869830,3.441768375
7.111000,0.800000,121.212121,3.441768375,-1.436136590,-15.221869830,3.441768375
7.112000,0.800000,121.212121,3.441768375,-1.436136590,-15.221869830,3.441768375
7.113000,0.800000,121.212121,3.441768375,-1.436136590,-15.221869830,3.441768375
7.114000,0.800000,121.212121,3.438734986,-1.421873265,-14.995264510,3.438734986
7.115000,0.800000,121.212121,3.418470993,-1.184656631,-15.230009728,3.418470993
7.116000,0.800000,121.212121,3.403922967,-0.999976819,-15.237823561,3.403922967
7.117000,0.800000,121.212121,3.378636728,-0.712840850,-15.433151037,3.378636728
7.118000,0.800000,121.212121,3.381660794,-0.524619304,-15.478269233,3.381660794
7.119000,0.800000,121.212121,3.405217985,-0.745661929,-15.423468654,3.405217985
7.120000,0.800000,121.212121,3.423751307,-0.616147818,-15.344139868,3.423751307
7.121000,0.800000,121.212121,3.429780547,-0.757204129,-15.331903856,3.429780547
7.122000,0.800000,121.212121,3.420094505,-0.814735141,-15.326913295,3.420094505
7.123000,0.800000,121.212121,3.411625648,-0.865036594,-15.448213572,3.411625648
7.124000,0.800000,121.212121,3.410504203,-0.971848832,-15.554270807,3.410504203
7.125000,0.800000,121.212121,3.409523684,-0.939574943,-15.584168643,3.409523684
7.126000,0.800000,121.212121,3.396140006,-0.831748315,-15.460461033,3.396140006
7.127000,0.800000,121.212121,3.384398174,-0.754248123,-15.627811060,3.384398174
7.128000,0.800000,121.212121,3.392981420,-0.812150598,-15.648467556,3.392981420
7.129000,0.800000,121.212121,3.400486064,-0.862776834,-15.603696426,3.400486064
7.130000,0.800000,121.212121,3.419614017,-0.907041189,-15.627383257,3.419614017
7.131000,0.800000,121.212121,3.427407306,-0.744045580,-15.901737285,3.427407306
7.132000,0.800000,121.212121,3.443152236,-0.803230145,-16.076466755,3.443152236
7.133000,0.800000,121.212121,3.431785858,-0.854977358,-16.229239073,3.431785858
7.134000,0.800000,121.212121,3.421847822,-0.711726265,-16.299981602,3.421847822
7.135000,0.800000,121.212121,3.425725006,-0.649308488,-16.424666215,3.425725006
7.136000,0.800000,121.212121,3.425725006,-0.649308488,-16.424666215,3.425725006
7.137000,0.800000,121.212121,3.469652255,-0.623889897,-16.241120814,3.469652255
7.138000,0.800000,121.212121,3.486371713,-0.446846258,-15.996210974,3.486371713
7.139000,0.800000,121.212121,3.488423772,-0.480546138,-15.907741118,3.488423772
7.140000,0.800000,121.212121,3.490217961,-0.572843019,-15.893220565,3.490217961
7.141000,0.800000,121.212121,3.485503500,-0.779205238,-16.006188425,3.485503500
7.142000,0.800000,121.212121,3.489554244,-0.819023796,-16.073552159,3.489554244
7.143000,0.800000,121.212121,3.489554244,-0.819023796,-16.073552159,3.489554244
7.144000,0.800000,121.212121,3.492650891,-0.975127354,-16.478353374,3.492650891
7.145000,0.800000,121.212121,3.487630699,-1.068105179,-16.643454982,3.487630699
7.146000,0.800000,121.212121,3.483241364,-1.212230920,-16.662145605,3.483241364
7.147000,0.800000,121.212121,3.482331305,-1.157952005,-16.637839632,3.482331305
7.148000,0.800000,121.212121,3.491174281,-1.290787260,-16.657235901,3.491174281
7.149000,0.800000,121.212121,3.511472387,-1.281266239,-16.611362909,3.511472387
7.150000,0.800000,121.212121,3.522936573,-1.272941665,-16.634086340,3.522936573
7.151000,0.800000,121.212121,3.526676941,-1.328495040,-16.716786114,3.526676941
7.152000,0.800000,121.212121,3.539089842,-1.717903824,-16.726650818,3.539089842
7.153000,0.800000,121.212121,3.540800331,-1.717541606,-16.546391184,3.540800331
7.154000,0.800000,121.212121,3.529729502,-1.528729346,-16.577279203,3.529729502
7.155000,0.800000,121.212121,3.526333060,-1.426475787,-16.667117573,3.526333060
7.156000,0.800000,121.212121,3.523363428,-1.337071790,-16.682834666,3.523363428
7.157000,0.800000,121.212121,3.537346350,-1.198452180,-16.590823821,3.537346350
7.158000,0.800000,121.212121,3.558125488,-1.200534327,-16.553296417,3.558125488
7.159000,0.800000,121.212121,3.570010257,-1.202354824,-16.457652993,3.570010257
7.160000,0.800000,121.212121,3.570010257,-1.202354824,-16.457652993,3.570010257
7.161000,0.800000,121.212121,3.570010257,-1.202354824,-16.457652993,3.570010257
7.162000,0.800000,121.212121,3.570010257,-1.202354824,-16.457652993,3.570010257
7.163000,0.800000,121.212121,3.552380143,-1.182436598,-16.990133702,3.552380143
7.164000,0.800000,121.212121,3.546137337,-0.998035763,-16.902427539,3.546137337
7.165000,0.800000,121.212121,3.546962211,-1.025302980,-17.014238416,3.546962211
7.166000,0.800000,121.212121,3.547683429,-0.923479991,-17.111998725,3.547683429
7.167000,0.800000,121.212121,3.548865360,-1.000044181,-17.036672297,3.548865360
7.168000,0.800000,121.212121,3.548865360,-1.000044181,-17.036672297,3.548865360
7.169000,0.800000,121.212121,3.544275287,-0.932911038,-17.269560173,3.544275287
7.170000,0.800000,121.212121,3.539050968,-0.968362069,-17.398067656,3.539050968
7.171000,0.800000,121.212121,3.540766341,-0.873694486,-17.447594559,3.540766341
7.172000,0.800000,121.212121,3.549071113,-0.781385081,-17.528759261,3.549071113
7.173000,0.800000,121.212121,3.549527318,-0.835877426,-17.624694826,3.549527318
7.174000,0.800000,121.212121,3.549926194,-0.820690207,-17.708574772,3.549926194
7.175000,0.800000,121.212121,3.556558132,-0.807411471,-17.656250348,3.556558132
7.176000,0.800000,121.212121,3.568639861,-0.858633243,-17.484837498,3.568639861
7.177000,0.800000,121.212121,3.564885797,-0.824807473,-17.620061998,3.564885797
7.178000,0.800000,121.212121,3.557071485,-0.999506905,-17.704524123,3.557071485
7.179000,0.800000,121.212121,3.556522333,-1.277916665,-17.715540571,3.556522333
7.180000,0.800000,121.212121,3.549759005,-1.395676717,-17.662340798,3.549759005
7.181000,0.800000,121.212121,3.543845581,-1.372974898,-17.804321865,3.543845581
7.182000,0.800000,121.212121,3.522377859,-1.406498688,-17.919232451,3.522377859
7.183000,0.800000,121.212121,3.519905252,-1.319605087,-17.966099708,3.519905252
7.184000,0.800000,121.212121,3.517743362,-1.243630857,-18.007077451,3.517743362
7.185000,0.800000,121.212121,3.522136328,-1.177203832,-18.168569486,3.522136328
7.186000,0.800000,121.212121,3.522136328,-1.177203832,-18.168569486,3.522136328
7.187000,0.800000,121.212121,3.522136328,-1.177203832,-18.168569486,3.522136328
7.188000,0.800000,121.212121,3.515539220,-1.186017128,-18.559769193,3.515539220
7.189000,0.800000,121.212121,3.547845876,-1.130016822,-18.850048770,3.547845876
7.190000,0.800000,121.212121,3.548456048,-1.203530663,-18.968441758,3.548456048
7.191000,0.800000,121.212121,3.548989545,-1.142142776,-19.009125191,3.548989545
7.192000,0.800000,121.212121,3.549456000,-1.151300972,-19.170359899,3.549456000
7.193000,0.800000,121.212121,3.568713394,-1.222140168,-19.374165109,3.568713394
7.194000,0.800000,121.212121,3.572984463,-1.346909301,-19.489527548,3.572984463
7.195000,0.800000,121.212121,3.562713471,-1.198076919,-19.804247248,3.562713471
7.196000,0.800000,121.212121,3.555172142,-1.325869929,-19.991227678,3.555172142
7.197000,0.800000,121.212121,3.548578483,-1.437603996,-19.966215895,3.548578483
7.198000,0.800000,121.212121,3.555379779,-1.535297146,-19.944347185,3.555379779
7.199000,0.800000,121.212121,3.542972140,-1.585524365,-20.214772319,3.542972140
7.200000,0.800000,121.212121,3.531628394,-1.664629293,-20.224500941,3.531628394
7.201000,0.800000,121.212121,3.540559701,-1.670961749,-20.170175175,3.540559701
7.202000,0.800000,121.212121,3.542085481,-1.488002887,-20.059844333,3.542085481
7.203000,0.800000,121.212121,3.537136341,-1.516530872,-20.026209927,3.537136341
7.204000,0.800000,121.212121,3.534519306,-1.021482915,-20.041817389,3.534519306
7.205000,0.800000,121.212121,3.549370516,-0.731644410,-20.010448316,3.549370516
7.206000,0.800000,121.212121,3.562355467,-0.729555499,-19.857357490,3.562355467
7.207000,0.800000,121.212121,3.573708682,-0.853392794,-19.849168330,3.573708682
7.208000,0.800000,121.212121,3.571068838,-0.836004529,-19.842008251,3.571068838
7.209000,0.800000,121.212121,3.584013082,-0.807508637,-19.775338142,3.584013082
7.210000,0.800000,121.212121,3.592644720,-0.858718199,-19.840287691,3.592644720
7.211000,0.800000,121.212121,3.593908489,-0.903492577,-20.085570998,3.593908489
7.212000,0.800000,121.212121,3.595013449,-0.628481176,-20.237199243,3.595013449
7.213000,0.800000,121.212121,3.583413184,-0.450860580,-20.432605173,3.583413184
7.214000,0.800000,121.212121,3.582462655,-0.034112196,-20.564340902,3.582462655
7.215000,0.800000,121.212121,3.585005941,0.068817791,-20.467309587,3.585005941
7.216000,0.800000,121.212121,3.593512812,0.095981362,-20.445303439,3.593512812
7.217000,0.800000,121.212121,3.588384309,0.245395164,-20.363230813,3.588384309
7.218000,0.800000,121.212121,3.571333901,0.187537515,-20.040144325,3.571333901
7.219000,0.800000,121.212121,3.591288466,-0.017151955,-19.918910345,3.591288466
7.220000,0.800000,121.212121,3.596552953,0.097834138,-19.711089066,3.596552953
7.221000,0.800000,121.212121,3.609891970,0.058519554,-19.721280539,3.609891970
7.222000,0.800000,121.212121,3.615271571,0.024145387,-19.730191313,3.615271571
7.223000,0.800000,121.212121,3.601125596,0.056922657,-19.737982327,3.601125596
7.224000,0.800000,121.212121,3.601323627,0.148412868,-19.870457999,3.601323627
7.225000,0.800000,121.212121,3.583588173,0.227619511,-19.906959288,3.583588173
7.226000,0.800000,121.212121,3.592273207,0.109163763,-20.018200689,3.592273207
7.227000,0.800000,121.212121,3.599866847,-0.057238250,-19.926967524,3.599866847
7.228000,0.800000,121.212121,3.600223057,-0.265561422,-19.972862763,3.600223057
7.229000,0.800000,121.212121,3.606817690,-0.384874080,-19.887326930,3.606817690
7.230000,0.800000,121.212121,3.605848173,-0.580403692,-19.927750661,3.605848173
7.231000,0.800000,121.212121,3.611735933,-0.597320250,-19.847883782,3.611735933
7.232000,0.800000,121.212121,3.616883815,-0.549279157,-19.903716977,3.616883815
7.233000,0.800000,121.212121,3.627667980,-0.444443233,-19.826870260,3.627667980
7.234000,0.800000,121.212121,3.637096967,-0.415613233,-19.885344092,3.637096967
7.235000,0.800000,121.212121,3.617218787,-0.556862181,-19.973275339,3.617218787
7.236000,0.800000,121.212121,3.627960859,-0.702400758,-20.076183219,3.627960859
7.237000,0.800000,121.212121,3.637353042,-0.829650418,-20.228991167,3.637353042
7.238000,0.800000,121.212121,3.645564968,-0.940909415,-20.048437436,3.645564968
7.239000,0.800000,121.212121,3.652744954,-0.975355340,-19.890572757,3.652744954
7.240000,0.800000,121.212121,3.633885157,-0.976869162,-19.686800250,3.633885157
7.241000,0.800000,121.212121,3.617400130,-1.069628106,-19.762875799,3.617400130
7.242000,0.800000,121.212121,3.615553043,-1.087898764,-19.892223265,3.615553043
7.243000,0.800000,121.212121,3.626504438,-1.041041610,-19.942484596,3.626504438
7.244000,0.800000,121.212121,3.624894527,-0.955627689,-20.264385194,3.624894527
7.245000,0.800000,121.212121,3.640955222,-1.051055915,-20.330711131,3.640955222
7.246000,0.800000,121.212121,3.625661901,-0.979803353,-20.321638070,3.625661901
7.247000,0.800000,121.212121,3.629059794,-1.135025428,-20.255105693,3.629059794
7.248000,0.800000,121.212121,3.625747510,-1.396405429,-20.196934020,3.625747510
7.249000,0.800000,121.212121,3.622851460,-1.310780184,-20.020408709,3.622851460
7.250000,0.800000,121.212121,3.620319339,-1.173083072,-19.928898076,3.620319339
7.251000,0.800000,121.212121,3.616169697,-0.782616501,-19.841762281,3.616169697
7.252000,0.800000,121.212121,3.614477231,-0.774122248,-19.961196580,3.614477231
7.253000,0.800000,121.212121,3.619280631,-0.703863561,-20.065622322,3.619280631
7.254000,0.800000,121.212121,3.610914048,-0.642433841,-20.031261832,3.610914048
7.255000,0.800000,121.212121,3.603598840,-0.588723607,-19.875555502,3.603598840
7.256000,0.800000,121.212121,3.603387479,-0.689198822,-19.871711343,3.603387479
7.257000,0.800000,121.212121,3.597018088,-0.629611927,-20.050213985,3.597018088
7.258000,0.800000,121.212121,3.578882728,-0.577512943,-20.080621616,3.578882728
7.259000,0.800000,121.212121,3.578882728,-0.577512943,-20.080621616,3.578882728
7.260000,0.800000,121.212121,3.578882728,-0.577512943,-20.080621616,3.578882728
7.261000,0.800000,121.212121,3.628915353,-1.100148010,-20.090917426,3.628915353
7.262000,0.800000,121.212121,3.638187590,-1.240247130,-19.990546407,3.638187590
7.263000,0.800000,121.212121,3.646294644,-1.299909022,-20.028452087,3.646294644
7.264000,0.800000,121.212121,3.634533380,-1.414905432,-20.250089959,3.634533380
7.265000,0.800000,121.212121,3.624250080,-1.452619115,-20.506707848,3.624250080
7.266000,0.800000,121.212121,3.648221828,-1.514424307,-20.581844923,3.648221828
7.267000,0.800000,121.212121,3.648784758,-1.476800225,-20.608277694,3.648784758
7.268000,0.800000,121.212121,3.649276947,-1.506735979,-20.568556972,3.649276947
7.269000,0.800000,121.212121,3.655990471,-1.344414335,-20.533827703,3.655990471
7.270000,0.800000,121.212121,3.655577164,-1.328154337,-20.440630789,3.655577164
7.271000,0.800000,121.212121,3.643912602,-1.482107324,-20.225067812,3.643912602
7.272000,0.800000,121.212121,3.651300230,-1.511376167,-20.359166370,3.651300230
7.273000,0.800000,121.212121,3.657759501,-1.536966980,-20.413581753,3.657759501
7.274000,0.800000,121.212121,3.663407076,-1.496510103,-20.146999832,3.663407076
7.275000,0.800000,121.212121,3.668344956,-1.523969040,-19.913917583,3.668344956
7.276000,0.800000,121.212121,3.682720340,-1.568968753,-20.003014427,3.682720340
7.277000,0.800000,121.212121,3.704080800,-1.587322267,-20.039353330,3.704080800
7.278000,0.800000,121.212121,3.710190654,-1.477705705,-20.071125752,3.710190654
7.279000,0.800000,121.212121,3.715532722,-1.319032113,-20.036073681,3.715532722
7.280000,0.800000,121.212121,3.713920300,-1.180298033,-20.131090089,3.713920300
7.281000,0.800000,121.212121,3.705784246,-0.890108735,-20.231866832,3.705784246
7.282000,0.800000,121.212121,3.705396853,-0.742442903,-20.239447294,3.705396853
7.283000,0.800000,121.212121,3.705396853,-0.742442903,-20.239447294,3.705396853
7.284000,0.800000,121.212121,3.705396853,-0.742442903,-20.239447294,3.705396853
7.285000,0.800000,121.212121,3.705396853,-0.742442903,-20.239447294,3.705396853
7.286000,0.800000,121.212121,3.713081665,-0.234248955,-20.134532880,3.713081665
7.287000,0.800000,121.212121,3.711777252,-0.043337187,-20.217176540,3.711777252
7.288000,0.800000,121.212121,3.716919942,0.186415753,-20.226603038,3.716919942
7.289000,0.800000,121.212121,3.708850011,0.198801528,-20.172013115,3.708850011
7.290000,0.800000,121.212121,3.695510993,0.083967154,-20.124283164,3.695510993
7.291000,0.800000,121.212121,3.690921426,0.013544577,-20.407263059,3.690921426
7.292000,0.800000,121.212121,3.692401751,-0.015177868,-20.455634434,3.692401751
7.293000,0.800000,121.212121,3.706262423,-0.040290945,-20.435095430,3.706262423
7.294000,0.800000,121.212121,3.718381312,-0.187911925,-20.291473726,3.718381312
7.295000,0.800000,121.212121,3.690417820,-0.355798686,-20.714750724,3.690417820
7.296000,0.800000,121.212121,3.691961430,-0.400939941,-20.850145765,3.691961430
7.297000,0.800000,121.212121,3.693311064,-0.503240432,-20.842862858,3.693311064
7.298000,0.800000,121.212121,3.688207913,-0.529853611,-20.710831442,3.688207913
7.299000,0.800000,121.212121,3.683746042,-0.553122479,-20.595391583,3.683746042
7.300000,0.800000,121.212121,3.683506682,-0.520527970,-20.641744758,3.683506682
7.301000,0.800000,121.212121,3.704768327,-0.482136879,-20.660650294,3.704768327
7.302000,0.800000,121.212121,3.704508599,-0.637065715,-20.614348237,3.704508599
7.303000,0.800000,121.212121,3.691715138,-0.584030060,-20.573864668,3.691715138
7.304000,0.800000,121.212121,3.686812537,-0.411995356,-20.664132120,3.686812537
7.305000,0.800000,121.212121,3.685061338,-0.239937179,-20.694294421,3.685061338
7.306000,0.800000,121.212121,3.687278063,-0.111142461,-20.643764518,3.687278063
7.307000,0.800000,121.212121,3.687278063,-0.111142461,-20.643764518,3.687278063
7.308000,0.800000,121.212121,3.687278063,-0.111142461,-20.643764518,3.687278063
7.309000,0.800000,121.212121,3.687278063,-0.111142461,-20.643764518,3.687278063
7.310000,0.800000,121.212121,3.703823568,-0.503084940,-20.509800040,3.703823568
7.311000,0.800000,121.212121,3.703682562,-0.466885805,-20.545286238,3.703682562
7.312000,0.800000,121.212121,3.697168295,-0.046362904,-20.187305107,3.697168295
7.313000,0.800000,121.212121,3.679014060,0.058106553,-20.074821654,3.679014060
7.314000,0.800000,121.212121,3.675707523,0.086616138,-20.102136995,3.675707523
7.315000,0.800000,121.212121,3.672816498,0.048711249,-20.188851642,3.672816498
7.316000,0.800000,121.212121,3.664005584,0.015569630,-20.201837552,3.664005584
7.317000,0.800000,121.212121,3.673119862,-0.101574718,-20.176078379,3.673119862
7.318000,0.800000,121.212121,3.664270826,-0.178662699,-20.190669424,3.664270826
7.319000,0.800000,121.212121,3.656052211,-0.124394626,-20.096813211,3.656052211
7.320000,0.800000,121.212121,3.661914330,-0.010119414,-20.058533158,3.661914330
7.321000,0.800000,121.212121,3.660533939,0.114322979,-19.752368070,3.660533939
7.322000,0.800000,121.212121,3.653266498,0.135768199,-19.694540417,3.653266498
7.323000,0.800000,121.212121,3.646912310,0.154518534,-19.581147748,3.646912310
7.324000,0.800000,121.212121,3.641356613,0.108080778,-19.419172570,3.641356613
7.325000,0.800000,121.212121,3.630215880,0.067478564,-19.340383645,3.630215880
7.326000,0.800000,121.212121,3.641795233,0.000939644,-19.329032359,3.641795233
7.327000,0.800000,121.212121,3.636882567,-0.089030672,-19.324402641,3.636882567
7.328000,0.800000,121.212121,3.613737689,-0.293358691,-19.446018416,3.613737689
7.329000,0.800000,121.212121,3.599784467,-0.346346387,-19.238192237,3.599784467
7.330000,0.800000,121.212121,3.593867844,-0.392675453,-19.119314119,3.593867844
7.331000,0.800000,121.212121,3.588694725,-0.370350784,-19.078206519,3.588694725
7.332000,0.800000,121.212121,3.588694725,-0.370350784,-19.078206519,3.588694725
7.333000,0.800000,121.212121,3.575951495,-0.637398101,-19.118236846,3.575951495
7.334000,0.800000,121.212121,3.598162553,-0.647152530,-19.014432767,3.598162553
7.335000,0.800000,121.212121,3.628278854,-1.024337842,-18.773591079,3.628278854
7.336000,0.800000,121.212121,3.625064706,-0.922636136,-18.587432759,3.625064706
7.337000,0.800000,121.212121,3.609688089,-0.833714644,-18.613163341,3.609688089
7.338000,0.800000,121.212121,3.608810126,-0.693135502,-18.698492377,3.608810126
7.339000,0.800000,121.212121,3.595476120,-0.633053910,-18.647434943,3.595476120
7.340000,0.800000,121.212121,3.586190718,-0.778023910,-18.438098302,3.586190718
7.341000,0.800000,121.212121,3.575699150,-0.770106779,-18.294099247,3.575699150
7.342000,0.800000,121.212121,3.585375548,-0.763184543,-18.293859353,3.585375548
7.343000,0.800000,121.212121,3.581269603,-0.882795888,-18.230817752,3.581269603
7.344000,0.800000,121.212121,3.582093257,-1.095931189,-18.037335557,3.582093257
7.345000,0.800000,121.212121,3.578399777,-1.173728357,-18.006529686,3.578399777
7.346000,0.800000,121.212121,3.584913272,-0.822254601,-17.657677120,3.584913272
7.347000,0.800000,121.212121,3.587148603,-0.683115571,-17.486084977,3.587148603
7.348000,0.800000,121.212121,3.576536664,-0.624293121,-17.336055739,3.576536664
7.349000,0.800000,121.212121,3.560975076,-0.635694370,-17.267711583,3.560975076
7.350000,0.800000,121.212121,3.559935385,-0.582831043,-17.145123955,3.559935385
7.351000,0.800000,121.212121,3.540171551,-0.613966633,-17.305427070,3.540171551
7.352000,0.800000,121.212121,3.522896552,-0.563833694,-17.303763680,3.522896552
7.353000,0.800000,121.212121,3.520358764,-0.582832499,-17.176645611,3.520358764
7.354000,0.800000,121.212121,3.524423069,-0.662275697,-17.191165376,3.524423069
7.355000,0.800000,121.212121,3.524423069,-0.662275697,-17.191165376,3.524423069
7.356000,0.800000,121.212121,3.524423069,-0.662275697,-17.191165376,3.524423069
7.357000,0.800000,121.212121,3.531372161,-0.878062314,-17.084792231,3.531372161
7.358000,0.800000,121.212121,3.534052482,-0.857573986,-16.859527220,3.534052482
7.359000,0.800000,121.212121,3.530112798,-0.839660298,-16.411242433,3.530112798
7.360000,0.800000,121.212121,3.539234561,-1.012493269,-16.333450039,3.539234561
7.361000,0.800000,121.212121,3.523556949,-1.005259770,-16.794803957,3.523556949
7.362000,0.800000,121.212121,3.508369802,-1.031619191,-16.794475507,3.508369802
7.363000,0.800000,121.212121,3.513940685,-1.054666190,-16.794188330,3.513940685
7.364000,0.800000,121.212121,3.518811509,-1.074817018,-16.605441683,3.518811509
7.365000,0.800000,121.212121,3.516787063,-0.966771911,-16.503245491,3.516787063
7.366000,0.800000,121.212121,3.518963017,-0.726875711,-16.500574856,3.518963017
7.367000,0.800000,121.212121,3.510636346,-0.662554199,-16.411556618,3.510636346
7.368000,0.800000,121.212121,3.497072850,-0.669147420,-16.270892890,3.497072850
7.369000,0.800000,121.212121,3.481128175,-0.625016222,-15.985436966,3.481128175
7.370000,0.800000,121.212121,3.490122342,-0.699158457,-15.898321012,3.490122342
7.371000,0.800000,121.212121,3.491703082,-0.701151850,-15.822152372,3.491703082
7.372000,0.800000,121.212121,3.480518811,-0.765726600,-15.818387218,3.480518811
7.373000,0.800000,121.212121,3.468473209,-0.871551716,-15.992816759,3.468473209
7.374000,0.800000,121.212121,3.466491274,-0.789049681,-16.093268992,3.466491274
7.375000,0.800000,121.212121,3.464758397,-0.842578863,-15.929770613,3.464758397
7.376000,0.800000,121.212121,3.475809651,-0.889381371,-15.975313605,3.475809651
7.377000,0.800000,121.212121,3.485472162,-0.867470648,-15.952301643,3.485472162
7.378000,0.800000,121.212121,3.518577508,-0.831563351,-15.969525804,3.518577508
7.379000,0.800000,121.212121,3.518577508,-0.831563351,-15.969525804,3.518577508
7.380000,0.800000,121.212121,3.518577508,-0.831563351,-15.969525804,3.518577508
7.381000,0.800000,121.212121,3.521121316,-0.992609075,-16.006380104,3.521121316
7.382000,0.800000,121.212121,3.522276397,-1.335467405,-16.364170906,3.522276397
7.383000,0.800000,121.212121,3.518455366,-1.314993708,-16.339321179,3.518455366
7.384000,0.800000,121.212121,3.514744757,-1.338487108,-16.273283972,3.514744757
7.385000,0.800000,121.212121,3.513231354,-1.260140094,-16.275659803,3.513231354
7.386000,0.800000,121.212121,3.505624945,-1.191638456,-16.403400784,3.505624945
7.387000,0.800000,121.212121,3.511219548,-1.259977831,-16.196606814,3.511219548
7.388000,0.800000,121.212121,3.516432321,-1.254328437,-16.145786327,3.516432321
7.389000,0.800000,121.212121,3.520990037,-1.312220820,-16.164183985,3.520990037
7.390000,0.800000,121.212121,3.531258200,-1.300006378,-16.117437871,3.531258200
7.391000,0.800000,121.212121,3.533952841,-1.163663142,-16.076566047,3.533952841
7.392000,0.800000,121.212121,3.543862438,-1.057991836,-16.135248998,3.543862438
7.393000,0.800000,121.212121,3.544973184,-1.077724751,-16.217802668,3.544973184
7.394000,0.800000,121.212121,3.539661165,-1.032146101,-16.352814191,3.539661165
7.395000,0.800000,121.212121,3.522450303,-1.055126886,-16.156700400,3.522450303
7.396000,0.800000,121.212121,3.507402221,-1.200883527,-16.048062848,3.507402221
7.397000,0.800000,121.212121,3.507084595,-1.314085841,-16.231227353,3.507084595
7.398000,0.800000,121.212121,3.512816981,-1.301637033,-16.301720027,3.512816981
7.399000,0.800000,121.212121,3.511545829,-1.290752590,-16.237690624,3.511545829
7.400000,0.800000,121.212121,3.491584859,-1.281235925,-16.118875541,3.491584859
7.401000,0.800000,121.212121,3.492981815,-1.335747013,-15.952159348,3.492981815
7.402000,0.800000,121.212121,3.506258379,-1.008943877,-15.914480855,3.506258379
7.403000,0.800000,121.212121,3.506258379,-1.008943877,-15.914480855,3.506258379
7.404000,0.800000,121.212121,3.506258379,-1.008943877,-15.914480855,3.506258379
7.405000,0.800000,121.212121,3.506258379,-1.008943877,-15.914480855,3.506258379
7.406000,0.800000,121.212121,3.510327872,-0.664735660,-15.800284588,3.510327872
7.407000,0.800000,121.212121,3.500669259,-0.857179635,-15.554946346,3.500669259
7.408000,0.800000,121.212121,3.500669259,-0.857179635,-15.554946346,3.500669259
7.409000,0.800000,121.212121,3.475791893,-0.902147355,-15.459095586,3.475791893
7.410000,0.800000,121.212121,3.495012035,-0.634158404,-15.149779133,3.495012035
7.411000,0.800000,121.212121,3.502261504,-0.644319945,-15.104843187,3.502261504
7.412000,0.800000,121.212121,3.502316793,-0.590372697,-15.128385910,3.502316793
7.413000,0.800000,121.212121,3.496081948,-0.668868365,-15.086138315,3.496081948
7.414000,0.800000,121.212121,3.492147469,-0.797507087,-15.134670969,3.492147469
7.415000,0.800000,121.212121,3.499756910,-0.787141627,-15.091633570,3.499756910
7.416000,0.800000,121.212121,3.506410120,-0.778078730,-15.054004410,3.506410120
7.417000,0.800000,121.212121,3.499660893,-0.770154710,-15.021103870,3.499660893
7.418000,0.800000,121.212121,3.518892540,-1.077385717,-14.992337734,3.518892540
7.419000,0.800000,121.212121,3.508795775,-1.282508069,-15.180731828,3.508795775
7.420000,0.800000,121.212121,3.508029943,-1.462523001,-15.131906251,3.508029943
7.421000,0.800000,121.212121,3.501077163,-1.619916589,-15.214879983,3.501077163
7.422000,0.800000,121.212121,3.507564466,-1.506204104,-15.413090634,3.507564466
7.423000,0.800000,121.212121,3.525802920,-1.532444857,-15.335065988,3.525802920
7.424000,0.800000,121.212121,3.543125734,-1.449784503,-15.097326840,3.543125734
7.425000,0.800000,121.212121,3.538045872,-1.231787740,-15.058982243,3.538045872
7.426000,0.800000,121.212121,3.527321179,-1.229680817,-15.151119876,3.527321179
7.427000,0.800000,121.212121,3.530510561,-1.290670511,-15.294511006,3.530510561
7.428000,0.800000,121.212121,3.527015968,-1.218332308,-15.419883075,3.527015968
7.429000,0.800000,121.212121,3.539349017,-1.099784443,-15.735215192,3.539349017
7.430000,0.800000,121.212121,3.547310122,-1.051433690,-15.679543033,3.547310122
7.431000,0.800000,121.212121,3.547987619,-1.134822579,-15.756530551,3.547987619
7.432000,0.800000,121.212121,3.548579980,-1.144900658,-15.698179825,3.548579980
7.433000,0.800000,121.212121,3.555381088,-1.279375994,-15.709993521,3.555381088
7.434000,0.800000,121.212121,3.555381088,-1.279375994,-15.709993521,3.555381088
7.435000,0.800000,121.212121,3.559295794,-1.280730763,-15.770483587,3.559295794
7.436000,0.800000,121.212121,3.558467127,-1.398137184,-15.836043178,3.558467127
7.437000,0.800000,121.212121,3.564025779,-1.437958027,-15.893364307,3.564025779
7.438000,0.800000,121.212121,3.550036355,-1.472774835,-15.943482251,3.550036355
7.439000,0.800000,121.212121,3.550664087,-1.521936945,-15.727247651,3.550664087
7.440000,0.800000,121.212121,3.538353742,-1.609032504,-15.609744870,3.538353742
7.441000,0.800000,121.212121,3.533873547,-1.559519606,-15.507007924,3.533873547
7.442000,0.800000,121.212121,3.536239534,-1.579060535,-15.542844990,3.536239534
7.443000,0.800000,121.212121,3.538308203,-1.658977732,-15.637010490,3.538308203
7.444000,0.800000,121.212121,3.524427918,-1.554410009,-15.508752404,3.524427918
7.445000,0.800000,121.212121,3.521697693,-1.511761176,-15.481538398,3.521697693
7.446000,0.800000,121.212121,3.513027373,-1.537303607,-15.269248647,3.513027373
7.447000,0.800000,121.212121,3.524296153,-1.685299987,-15.334963424,3.524296153
7.448000,0.800000,121.212121,3.527865671,-1.940362300,-15.392420239,3.527865671
7.449000,0.800000,121.212121,3.534504967,-1.714582199,-15.730012211,3.534504967
7.450000,0.800000,121.212121,3.543074793,-1.777469241,-15.674993878,3.543074793
7.451000,0.800000,121.212121,3.544284518,-1.706789959,-15.626889353,3.544284518
7.452000,0.800000,121.212121,3.532775853,-1.707824350,-15.773325380,3.532775853
7.453000,0.800000,121.212121,3.528996596,-1.708728755,-15.964191566,3.528996596
7.454000,0.800000,121.212121,3.528996596,-1.708728755,-15.964191566,3.528996596
7.455000,0.800000,121.212121,3.528996596,-1.708728755,-15.964191566,3.528996596
7.456000,0.800000,121.212121,3.528996596,-1.708728755,-15.964191566,3.528996596
7.457000,0.800000,121.212121,3.559066686,-1.746192531,-16.447826529,3.559066686
7.458000,0.800000,121.212121,3.570833181,-1.616611743,-16.553932401,3.570833181
7.459000,0.800000,121.212121,3.577549745,-1.522022737,-16.492282685,3.577549745
7.460000,0.800000,121.212121,3.574427219,-1.420611956,-16.655633885,3.574427219
7.461000,0.800000,121.212121,3.584263452,-1.394776682,-16.547130355,3.584263452
7.462000,0.800000,121.212121,3.586580443,-1.309356112,-16.515093635,3.586580443
7.463000,0.800000,121.212121,3.569756716,-1.234669807,-16.612746473,3.569756716
7.464000,0.800000,121.212121,3.572022777,-1.284978064,-16.827716138,3.572022777
7.465000,0.800000,121.212121,3.575877976,-1.024859636,-16.948915527,3.575877976
7.466000,0.800000,121.212121,3.585531902,-0.860260506,-17.117716405,3.585531902
7.467000,0.800000,121.212121,3.581406309,-0.842009219,-17.328136992,3.581406309
7.468000,0.800000,121.212121,3.571515968,-0.826051457,-17.386451641,3.571515968
7.469000,0.800000,121.212121,3.561590860,-0.909772211,-17.482017704,3.561590860
7.470000,0.800000,121.212121,3.554190602,-0.885299100,-17.583826986,3.554190602
7.471000,0.800000,121.212121,3.547720288,-0.738237665,-17.672842537,3.547720288
7.472000,0.800000,121.212121,3.560912613,-0.735320220,-17.750672064,3.560912613
7.473000,0.800000,121.212121,3.585013512,-0.669937540,-17.881553096,3.585013512
7.474000,0.800000,121.212121,3.619016455,-0.570684070,-17.742736898,3.619016455
7.475000,0.800000,121.212121,3.616966255,-0.714485738,-17.748951387,3.616966255
7.476000,0.800000,121.212121,3.602607319,-0.714553049,-17.754384940,3.602607319
7.477000,0.800000,121.212121,3.596335966,-0.840275607,-17.507808281,3.596335966
7.478000,0.800000,121.212121,3.590852694,-0.824535697,-17.543544771,3.590852694
7.479000,0.800000,121.212121,3.590852694,-0.824535697,-17.543544771,3.590852694
7.480000,0.800000,121.212121,3.590852694,-0.824535697,-17.543544771,3.590852694
7.481000,0.800000,121.212121,3.590852694,-0.824535697,-17.543544771,3.590852694
7.482000,0.800000,121.212121,3.562007086,-0.902937679,-17.607964504,3.562007086
7.483000,0.800000,121.212121,3.560837708,-0.816491568,-17.505451285,3.560837708
7.484000,0.800000,121.212121,3.572381650,-0.929404154,-17.478652111,3.572381650
7.485000,0.800000,121.212121,3.572381650,-0.929404154,-17.478652111,3.572381650
7.486000,0.800000,121.212121,3.581745399,-0.998777395,-17.748422506,3.581745399
7.487000,0.800000,121.212121,3.578095632,-1.151615122,-17.879586226,3.578095632
7.488000,0.800000,121.212121,3.568621323,-1.285246693,-17.868603722,3.568621323
7.489000,0.800000,121.212121,3.559378008,-1.268706101,-17.787773737,3.559378008
7.490000,0.800000,121.212121,3.552255825,-1.261959880,-17.788328730,3.552255825
7.491000,0.800000,121.212121,3.546028642,-1.381725121,-17.914477687,3.546028642
7.492000,0.800000,121.212121,3.534300805,-1.549272070,-17.899110592,3.534300805
7.493000,0.800000,121.212121,3.517763545,-1.570100743,-17.885674583,3.517763545
7.494000,0.800000,121.212121,3.532275873,-1.549298607,-18.224855400,3.532275873
7.495000,0.800000,121.212121,3.547409000,-1.695787651,-18.358980650,3.547409000
7.496000,0.800000,121.212121,3.554357258,-1.635372780,-18.476251225,3.554357258
7.497000,0.800000,121.212121,3.566715557,-1.519718012,-18.641616997,3.566715557
7.498000,0.800000,121.212121,3.571237681,-1.230101292,-18.660538588,3.571237681
7.499000,0.800000,121.212121,3.549601317,-1.352213136,-18.456011250,3.549601317
7.500000,0.800000,121.212121,3.549990895,-1.460636817,-18.435424894,3.549990895
7.501000,0.800000,121.212121,3.550331517,-1.492603724,-18.354593642,3.550331517
7.502000,0.800000,121.212121,3.556912520,-1.394889845,-18.221088092,3.556912520
7.503000,0.800000,121.212121,3.562666530,-1.309455054,-18.355686756,3.562666530
7.504000,0.800000,121.212121,3.573980655,-1.297588169,-18.536203107,3.573980655
7.505000,0.800000,121.212121,3.573980655,-1.297588169,-18.536203107,3.573980655
7.506000,0.800000,121.212121,3.573980655,-1.297588169,-18.536203107,3.573980655
7.507000,0.800000,121.212121,3.615875094,-1.049472026,-18.385552755,3.615875094
7.508000,0.800000,121.212121,3.630832220,-1.025633013,-18.661930414,3.630832220
7.509000,0.800000,121.212121,3.633580391,-1.049432257,-18.678299345,3.633580391
7.510000,0.800000,121.212121,3.633580391,-1.049432257,-18.678299345,3.633580391
7.511000,0.800000,121.212121,3.611564097,-1.236909035,-18.377560823,3.611564097
7.512000,0.800000,121.212121,3.610450387,-1.296990404,-18.618160250,3.610450387
7.513000,0.800000,121.212121,3.615759816,-1.223858020,-18.765693208,3.615759816
7.514000,0.800000,121.212121,3.618177723,-1.158944820,-18.410734461,3.618177723
7.515000,0.800000,121.212121,3.635082477,-1.103159755,-18.207342194,3.635082477
7.516000,0.800000,121.212121,3.643579731,-0.928721142,-18.092340807,3.643579731
7.517000,0.800000,121.212121,3.644726003,-0.776203132,-18.117454626,3.644726003
7.518000,0.800000,121.212121,3.633161860,-0.705682954,-18.202244403,3.633161860
7.519000,0.800000,121.212121,3.614210539,-0.715778173,-18.223429887,3.614210539
7.520000,0.800000,121.212121,3.606481083,-0.778514925,-18.232070567,3.606481083
7.521000,0.800000,121.212121,3.593439753,-0.770536091,-18.176793574,3.593439753
7.522000,0.800000,121.212121,3.569470874,-1.014887319,-18.128462892,3.569470874
7.523000,0.800000,121.212121,3.567363569,-1.165700613,-18.211869329,3.567363569
7.524000,0.800000,121.212121,3.557626933,-1.177317432,-18.411387673,3.557626933
7.525000,0.800000,121.212121,3.563291167,-1.182055450,-18.333577027,3.563291167
7.526000,0.800000,121.212121,3.568243612,-1.311861777,-18.265544356,3.568243612
7.527000,0.800000,121.212121,3.585140086,-1.488188013,-18.268892775,3.585140086
7.528000,0.800000,121.212121,3.581063730,-1.453860882,-18.020493008,3.581063730
7.529000,0.800000,121.212121,3.583782809,-1.486679278,-17.866139928,3.583782809
7.530000,0.800000,121.212121,3.583782809,-1.486679278,-17.866139928,3.583782809
7.531000,0.800000,121.212121,3.606298825,-1.603293927,-18.021426301,3.606298825
7.532000,0.800000,121.212121,3.606298825,-1.603293927,-18.021426301,3.606298825
7.533000,0.800000,121.212121,3.608429291,-1.529478369,-17.945411295,3.608429291
7.534000,0.800000,121.212121,3.601586567,-1.455412414,-17.791554189,3.601586567
7.535000,0.800000,121.212121,3.584578749,-1.461623514,-17.917367706,3.584578749
7.536000,0.800000,121.212121,3.586856118,-1.430634576,-17.838805587,3.586856118
7.537000,0.800000,121.212121,3.576280934,-1.403539823,-17.832947729,3.576280934
7.538000,0.800000,121.212121,3.570727122,-1.304200765,-17.878284038,3.570727122
7.539000,0.800000,121.212121,3.568461953,-1.418657859,-17.678969612,3.568461953
7.540000,0.800000,121.212121,3.572764618,-1.393068145,-17.567533629,3.572764618
7.541000,0.800000,121.212121,3.582809780,-1.307862275,-17.595764810,3.582809780
7.542000,0.800000,121.212121,3.579026259,-1.296195545,-17.620448356,3.579026259
7.543000,0.800000,121.212121,3.561838590,-1.332012273,-17.354636176,3.561838590
7.544000,0.800000,121.212121,3.560690386,-1.317310764,-17.158293428,3.560690386
7.545000,0.800000,121.212121,3.553403285,-1.367288554,-17.112287544,3.553403285
7.546000,0.800000,121.212121,3.534465537,-1.348154097,-17.386222194,3.534465537
7.547000,0.800000,121.212121,3.530473948,-1.394255999,-17.437237642,3.530473948
7.548000,0.800000,121.212121,3.518438913,-1.344144102,-17.395178065,3.518438913
7.549000,0.800000,121.212121,3.516461288,-1.265086210,-17.319404379,3.516461288
7.550000,0.800000,121.212121,3.521015364,-1.384458584,-17.315984548,3.521015364
7.551000,0.800000,121.212121,3.537563529,-1.425998330,-17.438658172,3.537563529
7.552000,0.800000,121.212121,3.539465820,-1.336654332,-17.420252468,3.539465820
7.553000,0.800000,121.212121,3.524523307,-1.425773410,-17.343048709,3.524523307
7.554000,0.800000,121.212121,3.524523307,-1.425773410,-17.343048709,3.524523307
7.555000,0.800000,121.212121,3.524523307,-1.425773410,-17.343048709,3.524523307
7.556000,0.800000,121.212121,3.524523307,-1.425773410,-17.343048709,3.524523307
7.557000,0.800000,121.212121,3.518228127,-1.441154806,-17.317735939,3.518228127
7.558000,0.800000,121.212121,3.497300622,-1.270124211,-17.131119128,3.497300622
7.559000,0.800000,121.212121,3.497979314,-1.137536079,-17.151359920,3.497979314
7.560000,0.800000,121.212121,3.518295525,-0.990526123,-17.143123281,3.518295525
7.561000,0.800000,121.212121,3.528902290,-1.018737029,-17.224687440,3.528902290
7.562000,0.800000,121.212121,3.531892984,-1.043402848,-17.296001944,3.531892984
7.563000,0.800000,121.212121,3.515658300,-1.253464628,-17.295522950,3.515658300
7.564000,0.800000,121.212121,3.507112884,-0.993082446,-17.051306246,3.507112884
7.565000,0.800000,121.212121,3.512841716,-0.832476556,-16.955912914,3.512841716
7.566000,0.800000,121.212121,3.499001085,-0.880548556,-16.998170768,3.499001085
7.567000,0.800000,121.212121,3.493182905,-0.734084092,-17.035118343,3.493182905
7.568000,0.800000,121.212121,3.488095858,-0.857352307,-16.941759243,3.488095858
7.569000,0.800000,121.212121,3.509595995,-1.177132311,-16.914426033,3.509595995
7.570000,0.800000,121.212121,3.515012790,-1.181893592,-16.836233576,3.515012790
7.571000,0.800000,121.212121,3.526032075,-1.060392847,-16.830698926,3.526032075
7.572000,0.800000,121.212121,3.535666636,-1.142655895,-16.888691634,3.535666636
7.573000,0.800000,121.212121,3.537807298,-1.088917757,-17.065060469,3.537807298
7.574000,0.800000,121.212121,3.559375401,-1.181451559,-16.765253647,3.559375401
7.575000,0.800000,121.212121,3.564819916,-1.185670067,-16.705806745,3.564819916
7.576000,0.800000,121.212121,3.569580254,-1.189358462,-16.653830161,3.569580254
7.577000,0.800000,121.212121,3.580025574,-1.318247066,-16.671217000,3.580025574
7.578000,0.800000,121.212121,3.580025574,-1.318247066,-16.671217000,3.580025574
7.579000,0.800000,121.212121,3.580025574,-1.318247066,-16.671217000,3.580025574
7.580000,0.800000,121.212121,3.580025574,-1.318247066,-16.671217000,3.580025574
7.581000,0.800000,121.212121,3.571815021,-1.380256819,-16.513057814,3.571815021
7.582000,0.800000,121.212121,3.575696327,-1.422324575,-16.485302775,3.575696327
7.583000,0.800000,121.212121,3.579089894,-1.521937793,-16.461035537,3.579089894
7.584000,0.800000,121.212121,3.579089894,-1.521937793,-16.461035537,3.579089894
7.585000,0.800000,121.212121,3.575932295,-1.640900755,-16.508015050,3.575932295
7.586000,0.800000,121.212121,3.579296209,-1.650215027,-16.606557410,3.579296209
7.587000,0.800000,121.212121,3.582237402,-1.784022540,-16.629884718,3.582237402
7.588000,0.800000,121.212121,3.572242623,-1.838183452,-16.650280630,3.572242623
7.589000,0.800000,121.212121,3.580206349,-1.879901881,-16.738641626,3.580206349
7.590000,0.800000,121.212121,3.595599541,-2.173341652,-16.808202595,3.595599541
7.591000,0.800000,121.212121,3.609058367,-2.241411134,-16.869022275,3.609058367
7.592000,0.800000,121.212121,3.601976351,-2.238094900,-17.047862835,3.601976351
7.593000,0.800000,121.212121,3.589501102,-2.109531690,-17.141397774,3.589501102
7.594000,0.800000,121.212121,3.598893452,-1.969569806,-17.051251127,3.598893452
7.595000,0.800000,121.212121,3.593088797,-2.126077867,-17.081528428,3.593088797
7.596000,0.800000,121.212121,3.581730391,-2.137254838,-17.170832824,3.581730391
7.597000,0.800000,121.212121,3.578082510,-2.209859123,-17.186083045,3.578082510
7.598000,0.800000,121.212121,3.574893035,-2.210507832,-17.073753161,3.574893035
7.599000,0.800000,121.212121,3.593219728,-2.038866743,-16.591299021,3.593219728
7.600000,0.800000,121.212121,3.581844869,-1.872507429,-16.553711902,3.581844869
7.601000,0.800000,121.212121,3.584465788,-1.727053442,-16.583679973,3.584465788
7.602000,0.800000,121.212121,3.586757352,-1.725541449,-16.484218438,3.586757352
7.603000,0.800000,121.212121,3.586757352,-1.725541449,-16.484218438,3.586757352
7.604000,0.800000,121.212121,3.586757352,-1.725541449,-16.484218438,3.586757352
7.605000,0.800000,121.212121,3.590512768,-1.668127424,-16.384052704,3.590512768
7.606000,0.800000,121.212121,3.567677604,-1.525772501,-16.519391687,3.567677604
7.607000,0.800000,121.212121,3.553229278,-1.549554216,-16.428008857,3.553229278
7.608000,0.800000,121.212121,3.546879767,-1.444683727,-16.285277679,3.546879767
7.609000,0.800000,121.212121,3.553744607,-1.343549481,-16.169137811,3.553744607
7.610000,0.800000,121.212121,3.553398703,-1.459826607,-16.279677504,3.553398703
7.611000,0.800000,121.212121,3.547027902,-1.491895328,-16.218418047,3.547027902
7.612000,0.800000,121.212121,3.541457679,-1.519934175,-16.227688533,3.541457679
7.613000,0.800000,121.212121,3.542870616,-1.544449556,-16.298625908,3.542870616
7.614000,0.800000,121.212121,3.544105998,-1.628716097,-16.234985324,3.544105998
7.615000,0.800000,121.212121,3.564190531,-1.594107933,-16.311290995,3.564190531
7.616000,0.800000,121.212121,3.556463588,-1.797797924,-16.246058869,3.556463588
7.617000,0.800000,121.212121,3.568557198,-1.724564064,-16.189024054,3.568557198
7.618000,0.800000,121.212121,3.560281524,-1.723364895,-16.139156445,3.560281524
7.619000,0.800000,121.212121,3.546762617,-1.785148271,-16.032723531,3.546762617
7.620000,0.800000,121.212121,3.541878247,-1.823567030,-16.274437167,3.541878247
7.621000,0.800000,121.212121,3.536955149,-1.872758635,-16.339499936,3.536955149
7.622000,0.800000,121.212121,3.545217076,-1.852936787,-16.396386676,3.545217076
7.623000,0.800000,121.212121,3.527308037,-1.835605826,-16.320461112,3.527308037
7.624000,0.800000,121.212121,3.492799959,-1.883284591,-16.316908488,3.492799959
7.625000,0.800000,121.212121,3.472368087,-2.024252415,-16.420958786,3.472368087
7.626000,0.800000,121.212121,3.463613523,-2.111057004,-16.216281693,3.463613523
7.627000,0.800000,121.212121,3.463613523,-2.111057004,-16.216281693,3.463613523
7.628000,0.800000,121.212121,3.463613523,-2.111057004,-16.216281693,3.463613523
7.629000,0.800000,121.212121,3.463613523,-2.111057004,-16.216281693,3.463613523
7.630000,0.800000,121.212121,3.459912887,-2.434371800,-16.136559688,3.459912887
7.631000,0.800000,121.212121,3.452723489,-2.532471120,-16.156116799,3.452723489
7.632000,0.800000,121.212121,3.446437538,-2.555411062,-16.236048144,3.446437538
7.633000,0.800000,121.212121,3.440941502,-2.512636433,-16.243103167,3.440941502
7.634000,0.800000,121.212121,3.448702490,-2.538068876,-16.123607923,3.448702490
7.635000,0.800000,121.212121,3.443055026,-2.677020584,-16.138380851,3.443055026
7.636000,0.800000,121.212121,3.437984049,-2.367636640,-15.969213549,3.437984049
7.637000,0.800000,121.212121,3.427267125,-2.411290294,-15.821304436,3.427267125
7.638000,0.800000,121.212121,3.417896929,-2.575121974,-15.817645837,3.417896929
7.639000,0.800000,121.212121,3.432377840,-2.592281960,-16.047186170,3.432377840
7.640000,0.800000,121.212121,3.453781339,-2.607705851,-16.140806141,3.453781339
7.641000,0.800000,121.212121,3.447362454,-2.432695959,-16.222661480,3.447362454
7.642000,0.800000,121.212121,3.441750190,-2.279678458,-16.168566867,3.441750190
7.643000,0.800000,121.212121,3.436843184,-2.020225998,-16.058438131,3.436843184
7.644000,0.800000,121.212121,3.428801581,-2.136834869,-16.058559007,3.428801581
7.645000,0.800000,121.212121,3.412955375,-2.146660076,-16.025086119,3.412955375
7.646000,0.800000,121.212121,3.411666832,-2.218082464,-16.121483265,3.411666832
7.647000,0.800000,121.212121,3.410540212,-2.469025209,-15.954439376,3.410540212
7.648000,0.800000,121.212121,3.403271982,-2.437106147,-15.808386841,3.403271982
7.649000,0.800000,121.212121,3.420408027,-2.447629032,-15.922339978,3.420408027
7.650000,0.800000,121.212121,3.424466141,-2.292734987,-15.843153025,3.424466141
7.651000,0.800000,121.212121,3.424466141,-2.292734987,-15.843153025,3.424466141
7.652000,0.800000,121.212121,3.424466141,-2.292734987,-15.843153025,3.424466141
7.653000,0.800000,121.212121,3.424466141,-2.292734987,-15.843153025,3.424466141
7.654000,0.800000,121.212121,3.429271222,-1.884550045,-15.676682685,3.429271222
7.655000,0.800000,121.212121,3.419649184,-1.863246445,-15.691197792,3.419649184
7.656000,0.800000,121.212121,3.411236287,-1.844619934,-15.766720729,3.411236287
7.657000,0.800000,121.212121,3.403880586,-1.891165952,-15.707089468,3.403880586
7.658000,0.800000,121.212121,3.403732414,-1.994694679,-15.592119839,3.403732414
7.659000,0.800000,121.212121,3.398587285,-1.436793808,-15.650567781,3.398587285
7.660000,0.800000,121.212121,3.411333128,-1.149022362,-15.809588679,3.411333128
7.661000,0.800000,121.212121,3.416531628,-1.094484190,-15.807402326,3.416531628
7.662000,0.800000,121.212121,3.427360050,-1.235295047,-15.742658864,3.427360050
7.663000,0.800000,121.212121,3.449394104,-1.295579236,-15.874546865,3.449394104
7.664000,0.800000,121.212121,3.456092906,-1.348287890,-15.801365772,3.456092906
7.665000,0.800000,121.212121,3.438023683,-1.426771163,-15.626500409,3.438023683
7.666000,0.800000,121.212121,3.433584963,-1.400161900,-15.647321606,3.433584963
7.667000,0.800000,121.212121,3.429704030,-1.502560163,-15.539862629,3.429704030
7.668000,0.800000,121.212121,3.432593974,-1.466426974,-15.320243638,3.432593974
7.669000,0.800000,121.212121,3.428837572,-1.434834415,-15.316718343,3.428837572
7.670000,0.800000,121.212121,3.446235184,-1.555764715,-15.420813427,3.446235184
7.671000,0.800000,121.212121,3.453330948,-1.324450085,-15.404650160,3.453330948
7.672000,0.800000,121.212121,3.446968661,-1.247867016,-15.704677294,3.446968661
7.673000,0.800000,121.212121,3.435122697,-1.118075805,-15.841338200,3.435122697
7.674000,0.800000,121.212121,3.431048526,-1.130258346,-15.960825790,3.431048526
7.675000,0.800000,121.212121,3.431048526,-1.130258346,-15.960825790,3.431048526
7.676000,0.800000,121.212121,3.431048526,-1.130258346,-15.960825790,3.431048526
7.677000,0.800000,121.212121,3.431048526,-1.130258346,-15.960825790,3.431048526
7.678000,0.800000,121.212121,3.394817717,-0.940366758,-15.371107084,3.394817717
7.679000,0.800000,121.212121,3.389525234,-0.912049022,-15.298358246,3.389525234
7.680000,0.800000,121.212121,3.398911899,-0.983409934,-14.943601389,3.398911899
7.681000,0.800000,121.212121,3.405671297,-1.012515086,-14.861742648,3.405671297
7.682000,0.800000,121.212121,3.417864469,-1.100794631,-14.978666140,3.417864469
7.683000,0.800000,121.212121,3.409675846,-1.052316935,-14.955232886,3.409675846
7.684000,0.800000,121.212121,3.403349435,-1.436879178,-14.791295371,3.403349435
7.685000,0.800000,121.212121,3.403268010,-1.408999705,-14.979903382,3.403268010
7.686000,0.800000,121.212121,3.426688175,-1.237647112,-14.935690168,3.426688175
7.687000,0.800000,121.212121,3.417390733,-1.297635732,-14.917657434,3.417390733
7.688000,0.800000,121.212121,3.415544826,-1.475749665,-14.901890761,3.415544826
7.689000,0.800000,121.212121,3.420214069,-1.631481142,-14.950937239,3.420214069
7.690000,0.800000,121.212121,3.436862927,-1.704810971,-15.056652207,3.436862927
7.691000,0.800000,121.212121,3.463357513,-1.707215891,-14.821657687,3.463357513
7.692000,0.800000,121.212121,3.449452065,-1.833860464,-14.880786550,3.449452065
7.693000,0.800000,121.212121,3.437294028,-1.944590410,-14.995316915,3.437294028
7.694000,0.800000,121.212121,3.445513370,-2.104237474,-14.969791263,3.445513370
7.695000,0.800000,121.212121,3.452699839,-2.180990844,-15.010305112,3.452699839
7.696000,0.800000,121.212121,3.440133854,-2.550206013,-14.951035512,3.440133854
7.697000,0.800000,121.212121,3.429146778,-2.633749176,-14.868242572,3.429146778
7.698000,0.800000,121.212121,3.432106748,-2.706793996,-14.921517406,3.432106748
7.699000,0.800000,121.212121,3.432106748,-2.706793996,-14.921517406,3.432106748
7.700000,0.800000,121.212121,3.432106748,-2.706793996,-14.921517406,3.432106748
7.701000,0.800000,121.212121,3.432106748,-2.706793996,-14.921517406,3.432106748
7.702000,0.800000,121.212121,3.416361967,-1.907366352,-15.131612364,3.416361967
7.703000,0.800000,121.212121,3.414645340,-1.757531864,-15.088959320,3.414645340
7.704000,0.800000,121.212121,3.413144429,-1.752189839,-15.051666217,3.413144429
7.705000,0.800000,121.212121,3.411832129,-1.747519113,-15.019059503,3.411832129
7.706000,0.800000,121.212121,3.415175148,-1.849737065,-15.138327804,3.415175148
7.707000,0.800000,121.212121,3.413607661,-1.832808193,-15.220494580,3.413607661
7.708000,0.800000,121.212121,3.405953964,-1.880838519,-15.166672268,3.405953964
7.709000,0.800000,121.212121,3.405953964,-1.880838519,-15.166672268,3.405953964
7.710000,0.800000,121.212121,3.399694269,-2.148046188,-15.141300103,3.399694269
7.711000,0.800000,121.212121,3.400402575,-2.399357305,-14.870576585,3.400402575
7.712000,0.800000,121.212121,3.400691463,-2.501856676,-14.735062559,3.400691463
7.713000,0.800000,121.212121,3.400944049,-2.528643743,-14.490914022,3.400944049
7.714000,0.800000,121.212121,3.401164894,-2.489232794,-14.277446094,3.401164894
7.715000,0.800000,121.212121,3.395074801,-2.517606225,-14.153635191,3.395074801
7.716000,0.800000,121.212121,3.390587973,-2.917408678,-13.997774338,3.390587973
7.717000,0.800000,121.212121,3.398393386,-2.954807793,-14.097603583,3.398393386
7.718000,0.800000,121.212121,3.405217942,-2.861843491,-14.310551622,3.405217942
7.719000,0.800000,121.212121,3.411184899,-2.906225134,-14.371076114,3.411184899
7.720000,0.800000,121.212121,3.428968396,-2.945029614,-14.235499316,3.428968396
7.721000,0.800000,121.212121,3.434558392,-2.655318340,-13.966275538,3.434558392
7.722000,0.800000,121.212121,3.436838319,-2.599988992,-14.007231186,3.436838319
7.723000,0.800000,121.212121,3.438831742,-2.740108094,-14.105872049,3.438831742
7.724000,0.800000,121.212121,3.434291479,-2.862619311,-14.129285482,3.434291479
7.725000,0.800000,121.212121,3.424038577,-2.781239755,-14.024092991,3.424038577
7.726000,0.800000,121.212121,3.430789723,-2.592938749,-13.985262899,3.430789723
7.727000,0.800000,121.212121,3.433543235,-2.671111958,-14.023832525,3.433543235
7.728000,0.800000,121.212121,3.442233916,-2.613797926,-14.057555349,3.442233916
7.729000,0.800000,121.212121,3.449832494,-2.500854334,-13.961376731,3.449832494
7.730000,0.800000,121.212121,3.450193021,-2.527767359,-13.814452423,3.450193021
7.731000,0.800000,121.212121,3.457067038,-2.642599967,-13.762168388,3.457067038
7.732000,0.800000,121.212121,3.456518445,-2.777364417,-13.703109191,3.456518445
7.733000,0.800000,121.212121,3.449755605,-2.895193866,-13.714303444,3.449755605
7.734000,0.800000,121.212121,3.443842609,-2.998216430,-13.786922840,3.443842609
7.735000,0.800000,121.212121,3.435693768,-2.786540527,-13.844597884,3.435693768
7.736000,0.800000,121.212121,3.418981464,-2.714721313,-13.838012144,3.418981464
7.737000,0.800000,121.212121,3.416935660,-2.589095315,-13.957917699,3.416935660
7.738000,0.800000,121.212121,3.421430125,-2.604919651,-14.062755477,3.421430125
7.739000,0.800000,121.212121,3.425359799,-2.744419148,-14.028755246,3.425359799
7.740000,0.800000,121.212121,3.424726996,-2.784535401,-14.098699364,3.424726996
7.741000,0.800000,121.212121,3.409392817,-2.775800011,-14.060182290,3.409392817
7.742000,0.800000,121.212121,3.402268773,-2.830994196,-13.963673562,3.402268773
7.743000,0.800000,121.212121,3.402323148,-2.565093210,-13.753628772,3.402323148
7.744000,0.800000,121.212121,3.402370690,-2.332606328,-13.695642694,3.402370690
7.745000,0.800000,121.212121,3.396954985,-2.077270473,-13.600615097,3.396954985
7.746000,0.800000,121.212121,3.391393925,-2.031748909,-13.624689138,3.391393925
7.747000,0.800000,121.212121,3.373965318,-1.991947754,-13.771401652,3.373965318
7.748000,0.800000,121.212121,3.383859596,-1.894316307,-13.711182169,3.383859596
7.749000,0.800000,121.212121,3.383859596,-1.894316307,-13.711182169,3.383859596
7.750000,0.800000,121.212121,3.382014353,-1.797149719,-14.083566555,3.382014353
7.751000,0.800000,121.212121,3.393170101,-1.958405411,-14.305409143,3.393170101
7.752000,0.800000,121.212121,3.400651034,-2.053484578,-14.178084299,3.400651034
7.753000,0.800000,121.212121,3.400908701,-2.010952038,-14.129591420,3.400908701
7.754000,0.800000,121.212121,3.401133987,-1.848100589,-14.212856043,3.401133987
7.755000,0.800000,121.212121,3.414069558,-1.753923786,-14.294373957,3.414069558
7.756000,0.800000,121.212121,3.418924188,-1.749035165,-14.294099542,3.418924188
7.757000,0.800000,121.212121,3.410602397,-1.744760867,-14.293859610,3.410602397
7.758000,0.800000,121.212121,3.422175909,-1.866687399,-14.167986124,3.422175909
7.759000,0.800000,121.212121,3.438578235,-1.784796632,-13.995098513,3.438578235
7.760000,0.800000,121.212121,3.440353014,-1.776028416,-13.906768453,3.440353014
7.761000,0.800000,121.212121,3.461321510,-1.871531399,-13.934717321,3.461321510
7.762000,0.800000,121.212121,3.453955099,-1.851863770,-13.916806839,3.453955099
7.763000,0.800000,121.212121,3.434948008,-1.646172089,-13.963978907,3.434948008
7.764000,0.800000,121.212121,3.430895789,-1.466328387,-14.130886865,3.430895789
7.765000,0.800000,121.212121,3.425044581,-1.352200359,-14.569224175,3.425044581
7.766000,0.800000,121.212121,3.441086419,-1.397793793,-14.597242916,3.441086419
7.767000,0.800000,121.212121,3.448829196,-1.311994082,-14.621740718,3.448829196
7.768000,0.800000,121.212121,3.449315801,-1.299808133,-14.580328183,3.449315801
7.769000,0.800000,121.212121,3.449741258,-1.289153515,-14.795447112,3.449741258
7.770000,0.800000,121.212121,3.468498483,-1.389460748,-14.614080123,3.468498483
7.771000,0.800000,121.212121,3.479079744,-1.493203757,-14.824957659,3.479079744
7.772000,0.800000,121.212121,3.475764953,-1.583910035,-14.946503688,3.475764953
7.773000,0.800000,121.212121,3.466583526,-1.537554119,-14.989943941,3.466583526
7.774000,0.800000,121.212121,3.464839056,-1.559855313,-15.090757183,3.464839056
7.775000,0.800000,121.212121,3.464839056,-1.559855313,-15.090757183,3.464839056
7.776000,0.800000,121.212121,3.464839056,-1.559855313,-15.090757183,3.464839056
7.777000,0.800000,121.212121,3.450791799,-2.241697861,-15.506940659,3.450791799
7.778000,0.800000,121.212121,3.438465406,-2.301177449,-15.479954324,3.438465406
7.779000,0.800000,121.212121,3.421404807,-2.227518905,-15.393527339,3.421404807
7.780000,0.800000,121.212121,3.441342672,-2.295302824,-15.369658797,3.441342672
7.781000,0.800000,121.212121,3.449053246,-2.285214360,-15.359923810,3.449053246
7.782000,0.800000,121.212121,3.443228511,-2.150729944,-15.414244011,3.443228511
7.783000,0.800000,121.212121,3.444418919,-2.158809045,-15.398906280,3.444418919
7.784000,0.800000,121.212121,3.458026107,-2.228704748,-15.385495946,3.458026107
7.785000,0.800000,121.212121,3.444790623,-2.038489686,-15.373770804,3.444790623
7.786000,0.800000,121.212121,3.435666680,-2.087964947,-15.472323661,3.435666680
7.787000,0.800000,121.212121,3.444090521,-2.166763183,-15.386855573,3.444090521
7.788000,0.800000,121.212121,3.445172606,-2.172827487,-15.500623282,3.445172606
7.789000,0.800000,121.212121,3.439835526,-2.115297875,-15.474430812,3.439835526
7.790000,0.800000,121.212121,3.443655490,-2.021018332,-15.439402270,3.443655490
7.791000,0.800000,121.212121,3.444792242,-1.919733768,-15.420903059,3.444792242
7.792000,0.800000,121.212121,3.452069331,-2.082504410,-15.279064822,3.452069331
7.793000,0.800000,121.212121,3.458431954,-2.161988837,-15.155050504,3.458431954
7.794000,0.800000,121.212121,3.463995026,-2.105821250,-15.109452137,3.463995026
7.795000,0.800000,121.212121,3.479394976,-2.076605647,-15.097557375,3.479394976
7.796000,0.800000,121.212121,3.488606942,-2.156831335,-15.247679367,3.488606942
7.797000,0.800000,121.212121,3.502944484,-2.415471124,-15.316104620,3.502944484
7.798000,0.800000,121.212121,3.515480318,-2.515945572,-15.438763156,3.515480318
7.799000,0.800000,121.212121,3.520157666,-2.540962176,-15.546007965,3.520157666
7.800000,0.800000,121.212121,3.520157666,-2.540962176,-15.546007965,3.520157666
7.801000,0.800000,121.212121,3.520157666,-2.540962176,-15.546007965,3.520157666
7.802000,0.800000,121.212121,3.489349359,-2.538521187,-15.683954347,3.489349359
7.803000,0.800000,121.212121,3.484744050,-2.623532709,-15.823219376,3.484744050
7.804000,0.800000,121.212121,3.493283832,-2.697861367,-15.944983845,3.493283832
7.805000,0.800000,121.212121,3.524549248,-2.631175633,-16.018867780,3.524549248
7.806000,0.800000,121.212121,3.521803776,-2.704543853,-15.927550786,3.521803776
7.807000,0.800000,121.212121,3.513120125,-2.454533086,-15.722045318,3.513120125
7.808000,0.800000,121.212121,3.518094065,-2.361603304,-15.605196281,3.518094065
7.809000,0.800000,121.212121,3.522442960,-2.280351423,-15.565862781,3.522442960
7.810000,0.800000,121.212121,3.524076315,-1.903764092,-15.556339200,3.524076315
7.811000,0.800000,121.212121,3.515107088,-1.880045984,-15.585977115,3.515107088
7.812000,0.800000,121.212121,3.500981782,-1.984972087,-15.674722472,3.500981782
7.813000,0.800000,121.212121,3.501197885,-2.139544640,-15.626652053,3.501197885
7.814000,0.800000,121.212121,3.507670017,-2.149029327,-15.521790488,3.507670017
7.815000,0.800000,121.212121,3.493933376,-2.172468518,-15.538438888,3.493933376
7.816000,0.800000,121.212121,3.482468838,-2.303479574,-15.695989928,3.482468838
7.817000,0.800000,121.212121,3.478728161,-2.229531737,-15.708078815,3.478728161
7.818000,0.800000,121.212121,3.475457551,-2.353372018,-15.844312273,3.475457551
7.819000,0.800000,121.212121,3.472597938,-2.398818217,-15.963426130,3.472597938
7.820000,0.800000,121.212121,3.490675641,-2.426254974,-16.284293655,3.490675641
7.821000,0.800000,121.212121,3.498470037,-2.462542431,-16.096790409,3.498470037
7.822000,0.800000,121.212121,3.486435405,-2.619933578,-15.932849515,3.486435405
7.823000,0.800000,121.212121,3.475913089,-2.757546370,-15.915173748,3.475913089
7.824000,0.800000,121.212121,3.466713046,-2.689370669,-15.962551037,3.466713046
7.825000,0.800000,121.212121,3.466713046,-2.689370669,-15.962551037,3.466713046
7.826000,0.800000,121.212121,3.450289988,-2.767611817,-15.947188356,3.450289988
7.827000,0.800000,121.212121,3.450593024,-2.823834961,-15.864878864,3.450593024
7.828000,0.800000,121.212121,3.463424351,-2.872992896,-15.855744541,3.463424351
7.829000,0.800000,121.212121,3.480926431,-2.727477904,-15.784926218,3.480926431
7.830000,0.800000,121.212121,3.461712066,-2.960079989,-15.786637155,3.461712066
7.831000,0.800000,121.212121,3.454296577,-3.054948722,-15.912998681,3.454296577
7.832000,0.800000,121.212121,3.447812945,-2.949400340,-15.772153737,3.447812945
7.833000,0.800000,121.212121,3.467276812,-2.794283705,-15.900335303,3.467276812
7.834000,0.800000,121.212121,3.471728407,-2.784323308,-16.075240952,3.471728407
7.835000,0.800000,121.212121,3.472740496,-2.885768229,-16.181276497,3.472740496
7.836000,0.800000,121.212121,3.482788689,-2.927143400,-16.132382474,3.482788689
7.837000,0.800000,121.212121,3.482788689,-2.927143400,-16.132382474,3.482788689
7.838000,0.800000,121.212121,3.481195683,-3.238380770,-16.177918645,3.481195683
7.839000,0.800000,121.212121,3.490181366,-3.423940902,-16.129446583,3.490181366
7.840000,0.800000,121.212121,3.517473476,-3.264860485,-15.830265877,3.517473476
7.841000,0.800000,121.212121,3.534466728,-3.132933812,-15.951144856,3.534466728
7.842000,0.800000,121.212121,3.543041359,-3.080417387,-15.994001882,3.543041359
7.843000,0.800000,121.212121,3.531688915,-2.971668518,-16.157137041,3.531688915
7.844000,0.800000,121.212121,3.521763060,-2.813753581,-16.236940179,3.521763060
7.845000,0.800000,121.212121,3.506286136,-2.688521934,-16.367721580,3.506286136
7.846000,0.800000,121.212121,3.505835675,-2.566188246,-16.483893737,3.505835675
7.847000,0.800000,121.212121,3.499158634,-2.459227464,-16.459803564,3.499158634
7.848000,0.800000,121.212121,3.505887026,-2.302875916,-16.564404357,3.505887026
7.849000,0.800000,121.212121,3.524336274,-2.103340230,-16.655860627,3.524336274
7.850000,0.800000,121.212121,3.540467121,-1.991710791,-16.610160458,3.540467121
7.851000,0.800000,121.212121,3.540467121,-1.991710791,-16.610160458,3.540467121
7.852000,0.800000,121.212121,3.540467121,-1.991710791,-16.610160458,3.540467121
7.853000,0.800000,121.212121,3.522589180,-1.863454188,-17.009516832,3.522589180
7.854000,0.800000,121.212121,3.507523647,-1.844801571,-17.107870472,3.507523647
7.855000,0.800000,121.212121,3.523658271,-1.814233659,-17.143388735,3.523658271
7.856000,0.800000,121.212121,3.527307948,-1.864598129,-17.036423976,3.527307948
7.857000,0.800000,121.212121,3.517932622,-1.971465467,-17.005732659,3.517932622
7.858000,0.800000,121.212121,3.509735435,-2.127735312,-16.978898126,3.509735435
7.859000,0.800000,121.212121,3.508851521,-2.201535856,-17.018267573,3.508851521
7.860000,0.800000,121.212121,3.524673383,-2.440248228,-17.326217961,3.524673383
7.861000,0.800000,121.212121,3.534478683,-2.349113535,-17.384773764,3.534478683
7.862000,0.800000,121.212121,3.517919071,-2.457926724,-17.498803080,3.517919071
7.863000,0.800000,121.212121,3.519846428,-2.568517514,-17.629324196,3.519846428
7.864000,0.800000,121.212121,3.517691930,-2.712591439,-17.649790546,3.517691930
7.865000,0.800000,121.212121,3.515808174,-2.712896795,-17.667685018,3.515808174
7.866000,0.800000,121.212121,3.500944272,-2.532797336,-17.469370122,3.500944272
7.867000,0.800000,121.212121,3.494881904,-2.618528138,-17.447105040,3.494881904
7.868000,0.800000,121.212121,3.483298170,-2.756317542,-17.427637871,3.483298170
7.869000,0.800000,121.212121,3.473170090,-2.813959967,-17.473448871,3.473170090
7.870000,0.800000,121.212121,3.464314743,-2.927190684,-17.576334945,3.464314743
7.871000,0.800000,121.212121,3.479639388,-2.570953583,-17.627176645,3.479639388
7.872000,0.800000,121.212121,3.488820641,-2.400562117,-17.710744717,3.488820641
7.873000,0.800000,121.212121,3.490564958,-2.565741940,-17.720979462,3.490564958
7.874000,0.800000,121.212121,3.498373263,-2.521669095,-17.792759924,3.498373263
7.875000,0.800000,121.212121,3.498373263,-2.521669095,-17.792759924,3.498373263
7.876000,0.800000,121.212121,3.498373263,-2.521669095,-17.792759924,3.498373263
7.877000,0.800000,121.212121,3.503768122,-2.807095507,-17.542187951,3.503768122
7.878000,0.800000,121.212121,3.491067713,-2.732693278,-17.447940458,3.491067713
7.879000,0.800000,121.212121,3.498812840,-2.793304415,-17.302704601,3.498812840
7.880000,0.800000,121.212121,3.486735130,-2.909130785,-17.238551473,3.486735130
7.881000,0.800000,121.212121,3.479508546,-2.682811148,-17.007753605,3.479508546
7.882000,0.800000,121.212121,3.482423056,-2.686858805,-16.917833260,3.482423056
7.883000,0.800000,121.212121,3.491254502,-2.816061525,-16.964876344,3.491254502
7.884000,0.800000,121.212121,3.486409786,-2.929028152,-17.131671526,3.486409786
7.885000,0.800000,121.212121,3.488457060,-2.839303415,-17.214674755,3.488457060
7.886000,0.800000,121.212121,3.497305751,-3.116294098,-17.350700466,3.497305751
7.887000,0.800000,121.212121,3.504266983,-3.317196094,-17.406179706,3.504266983
7.888000,0.800000,121.212121,3.497787070,-3.178692734,-17.391855366,3.497787070
7.889000,0.800000,121.212121,3.497787070,-3.178692734,-17.391855366,3.497787070
7.890000,0.800000,121.212121,3.511510961,-2.896777225,-17.548980510,3.511510961
7.891000,0.800000,121.212121,3.544766416,-2.736199150,-17.669097019,3.544766416
7.892000,0.800000,121.212121,3.558329936,-2.733537873,-17.810229074,3.558329936
7.893000,0.800000,121.212121,3.551339458,-2.794042875,-17.807962246,3.551339458
7.894000,0.800000,121.212121,3.557793799,-2.721280888,-17.994475836,3.557793799
7.895000,0.800000,121.212121,3.563437064,-2.594830589,-18.157551436,3.563437064
7.896000,0.800000,121.212121,3.578968434,-2.638931220,-18.252095578,3.578968434
7.897000,0.800000,121.212121,3.581950816,-2.711324845,-18.257134021,3.581950816
7.898000,0.800000,121.212121,3.571992050,-2.837453071,-18.135875608,3.571992050
7.899000,0.800000,121.212121,3.550718369,-2.884899704,-18.092686830,3.550718369
7.900000,0.800000,121.212121,3.550718369,-2.884899704,-18.092686830,3.550718369
7.901000,0.800000,121.212121,3.550718369,-2.884899704,-18.092686830,3.550718369
7.902000,0.800000,121.212121,3.550718369,-2.884899704,-18.092686830,3.550718369
7.903000,0.800000,121.212121,3.567973778,-2.519880821,-18.347356152,3.567973778
7.904000,0.800000,121.212121,3.572337789,-2.418739201,-18.277591945,3.572337789
7.905000,0.800000,121.212121,3.563587032,-2.455971118,-18.028099007,3.563587032
7.906000,0.800000,121.212121,3.555529475,-2.571922962,-18.035365840,3.555529475
7.907000,0.800000,121.212121,3.555174098,-2.464241533,-18.067639345,3.555174098
7.908000,0.800000,121.212121,3.561146564,-2.370091752,-18.033025388,3.561146564
7.909000,0.800000,121.212121,3.560085323,-2.476268741,-18.254088562,3.560085323
7.910000,0.800000,121.212121,3.540307886,-2.506271282,-18.321708412,3.540307886
7.911000,0.800000,121.212121,3.507896616,-2.853807353,-18.314755816,3.507896616
7.912000,0.800000,121.212121,3.513526961,-2.962030700,-18.186256435,3.513526961
7.913000,0.800000,121.212121,3.524732961,-3.119486153,-18.199568468,3.524732961
7.914000,0.800000,121.212121,3.478773531,-3.316966479,-18.341146516,3.478773531
7.915000,0.800000,121.212121,3.488063590,-3.304155681,-18.209330782,3.488063590
7.916000,0.800000,121.212121,3.483619856,-3.355786587,-17.968415795,3.483619856
7.917000,0.800000,121.212121,3.488114265,-3.251903771,-18.036780662,3.488114265
7.918000,0.800000,121.212121,3.483664163,-3.247268993,-18.068876375,3.483664163
7.919000,0.800000,121.212121,3.486056463,-3.368880345,-18.034106968,3.486056463
7.920000,0.800000,121.212121,3.500714507,-3.538041416,-18.129370521,3.500714507
7.921000,0.800000,121.212121,3.526096938,-3.560281375,-18.024167343,3.526096938
7.922000,0.800000,121.212121,3.525290512,-3.298360325,-17.788928495,3.525290512
7.923000,0.800000,121.212121,3.522451890,-3.099392086,-17.600842818,3.522451890
7.924000,0.800000,121.212121,3.522451890,-3.099392086,-17.600842818,3.522451890
7.925000,0.800000,121.212121,3.522451890,-3.099392086,-17.600842818,3.522451890
7.926000,0.800000,121.212121,3.547379231,-2.817433769,-18.124812118,3.547379231
7.927000,0.800000,121.212121,3.554331230,-2.867396102,-18.020181765,3.554331230
7.928000,0.800000,121.212121,3.545238131,-2.934636451,-18.331117038,3.545238131
7.929000,0.800000,121.212121,3.535219216,-2.882909186,-18.204180349,3.535219216
7.930000,0.800000,121.212121,3.543699287,-2.924643635,-18.215239997,3.543699287
7.931000,0.800000,121.212121,3.551113720,-3.023965432,-18.287741701,3.551113720
7.932000,0.800000,121.212121,3.557596429,-3.047974230,-18.476796279,3.557596429
7.933000,0.800000,121.212121,3.563264496,-3.131797848,-18.453597999,3.563264496
7.934000,0.800000,121.212121,3.585119697,-2.853032091,-18.352748799,3.585119697
7.935000,0.800000,121.212121,3.581045904,-2.898521007,-18.345138784,3.581045904
7.936000,0.800000,121.212121,3.571200853,-2.812629911,-18.275653220,3.571200853
7.937000,0.800000,121.212121,3.556309782,-2.674700355,-18.277731322,3.556309782
7.938000,0.800000,121.212121,3.543289978,-2.491271685,-18.342380135,3.543289978
7.939000,0.800000,121.212121,3.532940355,-2.308436759,-18.456222310,3.532940355
7.940000,0.800000,121.212121,3.541706796,-2.171034130,-18.561273137,3.541706796
7.941000,0.800000,121.212121,3.549371613,-2.050898025,-18.590291035,3.549371613
7.942000,0.800000,121.212121,3.543506871,-2.071522374,-18.678494289,3.543506871
7.943000,0.800000,121.212121,3.532095929,-2.215218697,-18.755613595,3.532095929
7.944000,0.800000,121.212121,3.536949278,-2.513540120,-18.999764757,3.536949278
7.945000,0.800000,121.212121,3.526362387,-2.601690855,-19.099343879,3.526362387
7.946000,0.800000,121.212121,3.529672254,-2.427436830,-19.123577666,3.529672254
7.947000,0.800000,121.212121,3.529672254,-2.427436830,-19.123577666,3.529672254
7.948000,0.800000,121.212121,3.529672254,-2.427436830,-19.123577666,3.529672254
7.949000,0.800000,121.212121,3.529672254,-2.427436830,-19.123577666,3.529672254
7.950000,0.800000,121.212121,3.516249365,-2.160324361,-19.228729688,3.516249365
7.951000,0.800000,121.212121,3.514546887,-2.230029644,-19.236704375,3.514546887
7.952000,0.800000,121.212121,3.499631698,-2.349724388,-19.019567518,3.499631698
7.953000,0.800000,121.212121,3.493734273,-2.269965256,-18.990994445,3.493734273
7.954000,0.800000,121.212121,3.488577939,-2.325892658,-18.966011971,3.488577939
7.955000,0.800000,121.212121,3.467561369,-2.653082544,-18.752366494,3.467561369
7.956000,0.800000,121.212121,3.453127649,-2.723697861,-18.631707186,3.453127649
7.957000,0.800000,121.212121,3.446790909,-2.785439395,-18.589042227,3.446790909
7.958000,0.800000,121.212121,3.434967282,-2.839422260,-18.614570558,3.434967282
7.959000,0.800000,121.212121,3.430912642,-3.012285143,-18.636890904,3.430912642
7.960000,0.800000,121.212121,3.460387870,-3.240636711,-18.492869618,3.460387870
7.961000,0.800000,121.212121,3.484554711,-3.363081500,-18.279155943,3.484554711
7.962000,0.800000,121.212121,3.486835101,-3.344475716,-18.280793880,3.486835101
7.963000,0.800000,121.212121,3.495112114,-3.391039858,-18.533553400,3.495112114
7.964000,0.800000,121.212121,3.489782636,-3.368920724,-18.503222810,3.489782636
7.965000,0.800000,121.212121,3.481048686,-3.450439904,-18.453517031,3.481048686
7.966000,0.800000,121.212121,3.483769656,-3.358024487,-18.370412254,3.483769656
7.967000,0.800000,121.212121,3.492431884,-3.277222333,-18.297750731,3.492431884
7.968000,0.800000,121.212121,3.487439214,-3.269405931,-18.359883831,3.487439214
7.969000,0.800000,121.212121,3.489357126,-3.262571767,-18.351377203,3.489357126
7.970000,0.800000,121.212121,3.493289770,-3.431971813,-18.156836662,3.493289770
7.971000,0.800000,121.212121,3.493289770,-3.431971813,-18.156836662,3.493289770
7.972000,0.800000,121.212121,3.493289770,-3.431971813,-18.156836662,3.493289770
7.973000,0.800000,121.212121,3.493289770,-3.431971813,-18.156836662,3.493289770
7.974000,0.800000,121.212121,3.493289770,-3.431971813,-18.156836662,3.493289770
7.975000,0.800000,121.212121,3.493289770,-3.431971813,-18.156836662,3.493289770
7.976000,0.800000,121.212121,3.493289770,-3.431971813,-18.156836662,3.493289770
7.977000,0.800000,121.212121,3.493289770,-3.431971813,-18.156836662,3.493289770
7.978000,0.800000,121.212121,3.493289770,-3.431971813,-18.156836662,3.493289770
7.979000,0.800000,121.212121,3.493289770,-3.431971813,-18.156836662,3.493289770
7.980000,0.800000,121.212121,3.519060171,-3.498640189,-18.063053600,3.519060171
7.981000,0.800000,121.212121,3.519060171,-3.498640189,-18.063053600,3.519060171
7.982000,0.800000,121.212121,3.523287662,-3.525831451,-18.091847758,3.523287662
7.983000,0.800000,121.212121,3.553769280,-3.162152262,-17.958435756,3.553769280
7.984000,0.800000,121.212121,3.547351910,-3.231627844,-18.063208433,3.547351910
7.985000,0.800000,121.212121,3.543907877,-2.976389011,-17.999373878,3.543907877
7.986000,0.800000,121.212121,3.551296099,-2.817880880,-18.036170266,3.551296099
7.987000,0.800000,121.212121,3.551296099,-2.817880880,-18.036170266,3.551296099
7.988000,0.800000,121.212121,3.557476992,-2.838779756,-18.450830662,3.557476992
7.989000,0.800000,121.212121,3.556876883,-2.823227820,-18.368063465,3.556876883
7.990000,0.800000,121.212121,3.555893425,-2.742805134,-18.287360730,3.555893425
7.991000,0.800000,121.212121,3.549209127,-2.802145577,-18.162303917,3.549209127
7.992000,0.800000,121.212121,3.530798433,-2.791197228,-18.115794059,3.530798433
7.993000,0.800000,121.212121,3.508418109,-2.718792836,-18.137960656,3.508418109
7.994000,0.800000,121.212121,3.507699736,-2.906814460,-18.094509863,3.507699736
7.995000,0.800000,121.212121,3.512805651,-3.144216808,-18.266734421,3.512805651
7.996000,0.800000,121.212121,3.524102294,-3.027450667,-18.521260705,3.524102294
7.997000,0.800000,121.212121,3.521412988,-2.988189645,-18.429643007,3.521412988
7.998000,0.800000,121.212121,3.525344815,-3.079526015,-18.349538329,3.525344815
7.999000,0.800000,121.212121,3.535065740,-3.159384718,-18.342331754,3.535065740
8.000000,0.800000,121.212121,3.545502777,-3.172489157,-18.275585448,3.545502777
8.001000,0.800000,121.212121,3.545502777,-3.172489157,-18.275585448,3.545502777
8.002000,0.800000,121.212121,3.545502777,-3.172489157,-18.275585448,3.545502777
8.003000,0.800000,121.212121,3.565074590,-2.921395765,-18.620991212,3.565074590
8.004000,0.800000,121.212121,3.569802924,-2.958293848,-18.642504715,3.569802924
8.005000,0.800000,121.212121,3.569802924,-2.958293848,-18.642504715,3.569802924
8.006000,0.800000,121.212121,3.575218514,-2.902962190,-18.581276105,3.575218514
8.007000,0.800000,121.212121,3.576198125,-2.740927332,-18.984258052,3.576198125
8.008000,0.800000,121.212121,3.560679079,-2.674840042,-19.274281363,3.560679079
8.009000,0.800000,121.212121,3.547110213,-2.554225671,-19.402195564,3.547110213
8.010000,0.800000,121.212121,3.560203959,-2.466435151,-19.619717071,3.560203959
8.011000,0.800000,121.212121,3.559261170,-2.372009712,-19.641390688,3.559261170
8.012000,0.800000,121.212121,3.564720039,-2.289450123,-19.660340717,3.564720039
8.013000,0.800000,121.212121,3.556926557,-2.217265278,-19.614077563,3.556926557
8.014000,0.800000,121.212121,3.562678803,-2.342647008,-19.573628008,3.562678803
8.015000,0.800000,121.212121,3.566611968,-2.603058787,-19.208971368,3.566611968
8.016000,0.800000,121.212121,3.571147110,-2.617128422,-19.030933400,3.571147110
8.017000,0.800000,121.212121,3.575112348,-2.692261867,-18.938100195,3.575112348
8.018000,0.800000,121.212121,3.566012930,-2.569458206,-18.919764608,3.566012930
8.019000,0.800000,121.212121,3.558056978,-2.336422802,-18.903733139,3.558056978
8.020000,0.800000,121.212121,3.556795564,-2.260787905,-18.940292617,3.556795564
8.021000,0.800000,121.212121,3.549997901,-2.255036714,-18.858849669,3.549997901
8.022000,0.800000,121.212121,3.556917876,-2.065011785,-18.662549093,3.556917876
8.023000,0.800000,121.212121,3.550104842,-1.832535135,-18.678840279,3.550104842
8.024000,0.800000,121.212121,3.537864774,-1.817767921,-18.818747960,3.537864774
8.025000,0.800000,121.212121,3.540569784,-1.730735554,-18.993092533,3.540569784
8.026000,0.800000,121.212121,3.529527927,-1.791592706,-19.093510111,3.529527927
8.027000,0.800000,121.212121,3.538723186,-1.970466029,-19.055645138,3.538723186
8.028000,0.800000,121.212121,3.546762935,-2.126861467,-18.959706565,3.546762935
8.029000,0.800000,121.212121,3.548161676,-2.092690135,-18.739650555,3.548161676
8.030000,0.800000,121.212121,3.536165793,-2.296558292,-18.620589179,3.536165793
8.031000,0.800000,121.212121,3.538243729,-2.474807621,-18.642153203,3.538243729
8.032000,0.800000,121.212121,3.546343728,-2.567825625,-18.598175559,3.546343728
8.033000,0.800000,121.212121,3.547142666,-2.586322789,-18.496892455,3.547142666
8.034000,0.800000,121.212121,3.518615177,-2.326163732,-18.385845850,3.518615177
8.035000,0.800000,121.212121,3.510332217,-2.249365319,-18.185581178,3.510332217
8.036000,0.800000,121.212121,3.509373310,-2.119385826,-18.010482508,3.509373310
8.037000,0.800000,121.212121,3.508534902,-2.005740038,-17.983051091,3.508534902
8.038000,0.800000,121.212121,3.520607118,-2.806137990,-17.821923032,3.520607118
8.039000,0.800000,121.212121,3.512073844,-2.920351646,-17.755354845,3.512073844
8.040000,0.800000,121.212121,3.510896077,-3.020212790,-17.759983716,3.510896077
8.041000,0.800000,121.212121,3.522432684,-3.044693159,-17.638367200,3.522432684
8.042000,0.800000,121.212121,3.541338878,-3.084811595,-17.800261774,3.541338878
8.043000,0.800000,121.212121,3.536483559,-3.101174239,-17.736415621,3.536483559
8.044000,0.800000,121.212121,3.532238377,-3.178312546,-17.554928906,3.532238377
8.045000,0.800000,121.212121,3.534809846,-3.245757367,-17.647575896,3.534809846
8.046000,0.800000,121.212121,3.537058175,-3.053399410,-17.665748670,3.537058175
8.047000,0.800000,121.212121,3.547025921,-2.910867334,-17.459994170,3.547025921
8.048000,0.800000,121.212121,3.547025921,-2.910867334,-17.459994170,3.547025921
8.049000,0.800000,121.212121,3.541289966,-3.288770158,-17.122102395,3.541289966
8.050000,0.800000,121.212121,3.517591237,-3.530830025,-17.143476263,3.517591237
8.051000,0.800000,121.212121,3.503153764,-3.616808047,-17.162164211,3.503153764
8.052000,0.800000,121.212121,3.491270432,-3.451445268,-16.894422127,3.491270432
8.053000,0.800000,121.212121,3.486423714,-3.358903513,-16.755911582,3.486423714
8.054000,0.800000,121.212121,3.482186052,-3.340822751,-16.823302345,3.482186052
8.055000,0.800000,121.212121,3.472197726,-3.450677791,-16.945056387,3.472197726
8.056000,0.800000,121.212121,3.463464570,-3.358232480,-16.988678513,3.463464570
8.057000,0.800000,121.212121,3.431092684,-3.206733081,-16.840421784,3.431092684
8.058000,0.800000,121.212121,3.427524939,-3.144942767,-16.834360828,3.427524939
8.059000,0.800000,121.212121,3.430688716,-3.279412811,-16.703397809,3.430688716
8.060000,0.800000,121.212121,3.433454921,-3.459816705,-16.463228381,3.433454921
8.061000,0.800000,121.212121,3.442156700,-3.491886670,-16.316071387,3.442156700
8.062000,0.800000,121.212121,3.451342324,-3.334826157,-16.526883380,3.451342324
8.063000,0.800000,121.212121,3.451513120,-3.194107339,-16.434559116,3.451513120
8.064000,0.800000,121.212121,3.451662453,-2.945408063,-16.353836661,3.451662453
8.065000,0.800000,121.212121,3.457400797,-2.906935062,-16.402148558,3.457400797
8.066000,0.800000,121.212121,3.450527078,-3.196977743,-16.388330787,3.450527078
8.067000,0.800000,121.212121,3.450800321,-3.324908879,-16.250585702,3.450800321
8.068000,0.800000,121.212121,3.457322413,-3.436763715,-16.192982028,3.457322413
8.069000,0.800000,121.212121,3.463024914,-3.471730605,-16.205448899,3.463024914
8.070000,0.800000,121.212121,3.477863791,-3.238562137,-15.864679858,3.477863791
8.071000,0.800000,121.212121,3.474701802,-3.424099478,-15.792738689,3.474701802
8.072000,0.800000,121.212121,3.465653974,-3.711985215,-15.729837915,3.465653974
8.073000,0.800000,121.212121,3.457743130,-3.775198604,-15.800505191,3.457743130
8.074000,0.800000,121.212121,3.457109577,-3.767636511,-15.987955862,3.457109577
8.075000,0.800000,121.212121,3.443504940,-3.637475729,-16.114550191,3.443504940
8.076000,0.800000,121.212121,3.444660611,-3.521556697,-16.136873097,3.444660611
8.077000,0.800000,121.212121,3.451954241,-3.357372627,-16.093558971,3.451954241
8.078000,0.800000,121.212121,3.452048141,-3.276652388,-15.992856005,3.452048141
8.079000,0.800000,121.212121,3.445847057,-3.143243901,-16.093303306,3.445847057
8.080000,0.800000,121.212121,3.435684717,-3.042382063,-16.195084515,3.435684717
8.081000,0.800000,121.212121,3.444106292,-3.001244706,-16.207287179,3.444106292
8.082000,0.800000,121.212121,3.438903209,-3.090940528,-16.092292705,3.438903209
8.083000,0.800000,121.212121,3.446920336,-2.980869282,-15.928917010,3.446920336
8.084000,0.800000,121.212121,3.453930001,-3.010293703,-15.911735416,3.453930001
8.085000,0.800000,121.212121,3.451352355,-3.063382525,-15.997757769,3.451352355
8.086000,0.800000,121.212121,3.440682888,-2.910603382,-16.412515611,3.440682888
8.087000,0.800000,121.212121,3.435910003,-2.697530264,-16.523058784,3.435910003
8.088000,0.800000,121.212121,3.425453711,-2.636896409,-16.556878839,3.425453711
8.089000,0.800000,121.212121,3.435160952,-2.709545736,-16.586448941,3.435160952
8.090000,0.800000,121.212121,3.437365159,-2.647401973,-16.800798713,3.437365159
8.091000,0.800000,121.212121,3.429200612,-2.490624589,-17.042202834,3.429200612
8.092000,0.800000,121.212121,3.419587447,-2.581654974,-17.136449030,3.419587447
8.093000,0.800000,121.212121,3.417465494,-2.535582438,-16.967524487,3.417465494
8.094000,0.800000,121.212121,3.415610193,-2.558131401,-16.819827628,3.415610193
8.095000,0.800000,121.212121,3.407704850,-2.515014924,-16.816354611,3.407704850
8.096000,0.800000,121.212121,3.419092746,-2.444355631,-17.218903265,3.419092746
8.097000,0.800000,121.212121,3.423316144,-2.352704786,-17.039617218,3.423316144
8.098000,0.800000,121.212121,3.420725628,-2.335402979,-16.882860920,3.420725628
8.099000,0.800000,121.212121,3.418460646,-2.320275382,-16.808635052,3.418460646
8.100000,0.800000,121.212121,3.403913920,-2.369880627,-16.806568535,3.403913920
8.101000,0.800000,121.212121,3.404417914,-2.270573839,-16.748245756,3.404417914
8.102000,0.800000,121.212121,3.416768591,-2.263592912,-16.628104276,3.416768591
8.103000,0.800000,121.212121,3.421284050,-2.257489233,-16.585892072,3.421284050
8.104000,0.800000,121.212121,3.418948895,-2.377816272,-16.548984410,3.418948895
8.105000,0.800000,121.212121,3.416907184,-2.483022568,-16.516714702,3.416907184
8.106000,0.800000,121.212121,3.400994858,-2.608394188,-16.471726779,3.400994858
8.107000,0.800000,121.212121,3.401209318,-2.558961503,-16.449165551,3.401209318
8.108000,0.800000,121.212121,3.413963198,-2.452908860,-16.240943891,3.413963198
8.109000,0.800000,121.212121,3.425114379,-2.360183184,-16.121719990,3.425114379
8.110000,0.800000,121.212121,3.417682229,-2.374879177,-16.155553314,3.417682229
8.111000,0.800000,121.212121,3.403233321,-2.354790854,-15.921396203,3.403233321
8.112000,0.800000,121.212121,3.386627202,-2.321870105,-15.961691076,3.386627202
8.113000,0.800000,121.212121,3.388647155,-2.371274952,-16.128886531,3.388647155
8.114000,0.800000,121.212121,3.390413273,-2.351639549,-15.960912320,3.390413273
8.115000,0.800000,121.212121,3.391957454,-2.271639751,-15.814046371,3.391957454
8.116000,0.800000,121.212121,3.387024403,-2.201693023,-15.748467994,3.387024403
8.117000,0.800000,121.212121,3.396210535,-2.393327891,-16.104174541,3.396210535
8.118000,0.800000,121.212121,3.409592582,-2.496584940,-16.064969436,3.409592582
8.119000,0.800000,121.212121,3.415009805,-2.461202620,-15.967859137,3.415009805
8.120000,0.800000,121.212121,3.419746280,-2.618762132,-16.008615785,3.419746280
8.121000,0.800000,121.212121,3.423887552,-2.693690279,-15.981418947,3.423887552
8.122000,0.800000,121.212121,3.418897468,-2.690818839,-15.874016911,3.418897468
8.123000,0.800000,121.212121,3.416862220,-2.756692073,-15.863734267,3.416862220
8.124000,0.800000,121.212121,3.408799543,-2.751455580,-15.729080072,3.408799543
8.125000,0.800000,121.212121,3.401750052,-2.684045270,-15.611347022,3.401750052
8.126000,0.800000,121.212121,3.408152797,-2.813601549,-15.759736156,3.408152797
8.127000,0.800000,121.212121,3.395881580,-2.648927293,-15.759484577,3.395881580
8.128000,0.800000,121.212121,3.396738594,-2.594401068,-15.826426344,3.396738594
8.129000,0.800000,121.212121,3.391204726,-2.609558664,-15.947787813,3.391204726
8.130000,0.800000,121.212121,3.398932636,-2.434315940,-15.865402991,3.398932636
8.131000,0.800000,121.212121,3.399406242,-2.281094867,-15.856202804,3.399406242
8.132000,0.800000,121.212121,3.382122401,-2.265532180,-16.084557265,3.382122401
8.133000,0.800000,121.212121,3.384708444,-2.510512218,-16.173481046,3.384708444
8.134000,0.800000,121.212121,3.380686330,-2.661875303,-16.188398482,3.380686330
8.135000,0.800000,121.212121,3.383452835,-2.794217542,-16.201441338,3.383452835
8.136000,0.800000,121.212121,3.392154876,-2.909929165,-15.961517768,3.392154876
8.137000,0.800000,121.212121,3.388355795,-2.864021357,-15.858803176,3.388355795
8.138000,0.800000,121.212121,3.383875341,-2.845297468,-15.724768640,3.383875341
8.139000,0.800000,121.212121,3.392524288,-2.891758345,-15.544745528,3.392524288
8.140000,0.800000,121.212121,3.406369562,-2.806717070,-15.450176640,3.406369562
8.141000,0.800000,121.212121,3.393342246,-2.983689809,-15.367491630,3.393342246
8.142000,0.800000,121.212121,3.372782646,-3.210880925,-15.412587289,3.372782646
8.143000,0.800000,121.212121,3.363975987,-3.337064936,-15.397457748,3.363975987
8.144000,0.800000,121.212121,3.368842375,-3.635887756,-15.384229442,3.368842375
8.145000,0.800000,121.212121,3.379380421,-3.771495687,-15.309831601,3.379380421
8.146000,0.800000,121.212121,3.363461475,-3.513071504,-15.181951014,3.363461475
8.147000,0.800000,121.212121,3.354643922,-3.278061448,-15.090148301,3.354643922
8.148000,0.800000,121.212121,3.348116642,-3.207307746,-15.115537639,3.348116642
8.149000,0.800000,121.212121,3.342409604,-3.019781511,-15.012072752,3.342409604
8.150000,0.800000,121.212121,3.337419734,-2.792988664,-14.858777793,3.337419734
8.151000,0.800000,121.212121,3.333056909,-2.783191007,-14.850410153,3.333056909
8.152000,0.800000,121.212121,3.350250283,-2.994774964,-15.072233308,3.350250283
8.153000,0.800000,121.212121,3.350558309,-2.959620092,-15.037042057,3.350558309
8.154000,0.800000,121.212121,3.357110813,-2.991714765,-14.880609363,3.357110813
8.155000,0.800000,121.212121,3.375406275,-3.019776302,-14.932330140,3.375406275
8.156000,0.800000,121.212121,3.366269921,-2.981479669,-14.977551493,3.366269921
8.157000,0.800000,121.212121,3.375640434,-3.162150866,-15.106596426,3.375640434
8.158000,0.800000,121.212121,3.385324210,-3.231626624,-15.129918832,3.385324210
8.159000,0.800000,121.212121,3.387507902,-3.041044389,-15.087478604,3.387507902
8.160000,0.800000,121.212121,3.389417182,-3.000075129,-15.050371573,3.389417182
8.161000,0.800000,121.212121,3.384803351,-2.901422366,-15.017927548,3.384803351
8.162000,0.800000,121.212121,3.394512621,-2.676918339,-14.909822104,3.394512621
8.163000,0.800000,121.212121,3.389258478,-2.618874656,-14.895040047,3.389258478
8.164000,0.800000,121.212121,3.378381404,-2.630956809,-15.070611117,3.378381404
8.165000,0.800000,121.212121,3.368871184,-2.641520675,-15.161287423,3.368871184
8.166000,0.800000,121.212121,3.366839239,-2.713588899,-15.303400861,3.366839239
8.167000,0.800000,121.212121,3.393346076,-2.823798639,-15.284968986,3.393346076
8.168000,0.800000,121.212121,3.394521710,-2.810129286,-15.223044581,3.394521710
8.169000,0.800000,121.212121,3.382983239,-2.735345821,-15.357397386,3.382983239
8.170000,0.800000,121.212121,3.366611550,-2.795623630,-15.474866919,3.366611550
8.171000,0.800000,121.212121,3.364863559,-2.848326706,-15.514742943,3.364863559
8.172000,0.800000,121.212121,3.344728531,-2.824824180,-15.415283271,3.344728531
8.173000,0.800000,121.212121,3.358296811,-2.999521513,-15.713974209,3.358296811
8.174000,0.800000,121.212121,3.363876866,-3.089433878,-15.660971271,3.363876866
8.175000,0.800000,121.212121,3.362472525,-3.042383816,-15.614628879,3.362472525
8.176000,0.800000,121.212121,3.361244659,-2.875582533,-15.699773749,3.361244659
8.177000,0.800000,121.212121,3.361244659,-2.875582533,-15.699773749,3.361244659
8.178000,0.800000,121.212121,3.373511882,-2.980245253,-15.896219895,3.373511882
8.179000,0.800000,121.212121,3.383463140,-3.072579945,-15.945978995,3.383463140
8.180000,0.800000,121.212121,3.385880700,-3.404638929,-16.052317035,3.385880700
8.181000,0.800000,121.212121,3.375428091,-3.443642738,-16.082460390,3.375428091
8.182000,0.800000,121.212121,3.346521550,-3.444730337,-16.014091305,3.346521550
8.183000,0.800000,121.212121,3.334731771,-3.415864258,-16.049038246,3.334731771
8.184000,0.800000,121.212121,3.330706726,-3.453457451,-16.016761773,3.330706726
8.185000,0.800000,121.212121,3.320904297,-3.423494691,-15.988541280,3.320904297
8.186000,0.800000,121.212121,3.312333678,-3.397297162,-15.838203374,3.312333678
8.187000,0.800000,121.212121,3.328124935,-3.472132668,-15.835261303,3.328124935
8.188000,0.800000,121.212121,3.331213314,-3.376991258,-15.829848833,3.331213314
8.189000,0.800000,121.212121,3.340196782,-3.293805670,-15.699452807,3.340196782
8.190000,0.800000,121.212121,3.335484983,-3.346737197,-15.585442829,3.335484983
8.191000,0.800000,121.212121,3.331365286,-3.518680859,-15.422927915,3.331365286
8.192000,0.800000,121.212121,3.318330740,-3.384326253,-15.635566207,3.318330740
8.193000,0.800000,121.212121,3.322649894,-3.237387069,-15.718080015,3.322649894
8.194000,0.800000,121.212121,3.326426287,-3.297408367,-15.727392979,3.326426287
8.195000,0.800000,121.212121,3.336011310,-3.224223460,-15.609871936,3.336011310
8.196000,0.800000,121.212121,3.338108658,-3.160235240,-15.632782729,3.338108658
8.197000,0.800000,121.212121,3.335262608,-3.047475645,-15.850928817,3.335262608
8.198000,0.800000,121.212121,3.331170855,-3.068530063,-15.717883802,3.331170855
8.199000,0.800000,121.212121,3.346442844,-3.024106852,-15.790053277,3.346442844
8.200000,0.800000,121.212121,3.359795697,-3.048097879,-15.978817373,3.359795697
8.201000,0.800000,121.212121,3.384320200,-2.882713070,-15.861995378,3.384320200
8.202000,0.800000,121.212121,3.392913245,-2.798808458,-15.853223405,3.392913245
8.203000,0.800000,121.212121,3.394143270,-2.662615757,-15.782721897,3.394143270
8.204000,0.800000,121.212121,3.388935541,-2.606369389,-15.846743576,3.388935541
8.205000,0.800000,121.212121,3.384382234,-2.494359295,-15.965551907,3.384382234
8.206000,0.800000,121.212121,3.382413891,-2.562124537,-16.160255028,3.382413891
8.207000,0.800000,121.212121,3.384963304,-2.644169974,-16.176834495,3.384963304
8.208000,0.800000,121.212121,3.387192348,-2.715905278,-16.254162377,3.387192348
8.209000,0.800000,121.212121,3.382858098,-2.652962351,-16.510268510,3.382858098
8.210000,0.800000,121.212121,3.385351690,-2.535097212,-16.608527692,3.385351690
8.211000,0.800000,121.212121,3.371378203,-2.349835478,-16.534018817,3.371378203
8.212000,0.800000,121.212121,3.375314401,-2.395726092,-16.440797888,3.375314401
8.213000,0.800000,121.212121,3.372472777,-2.310186215,-16.547787005,3.372472777
8.214000,0.800000,121.212121,3.351138686,-2.172563743,-16.641331473,3.351138686
8.215000,0.800000,121.212121,3.345051887,-2.115067274,-16.660288944,3.345051887
8.216000,0.800000,121.212121,3.317806420,-2.193546239,-16.628524598,3.317806420
8.217000,0.800000,121.212121,3.315908277,-2.196244885,-16.837586987,3.315908277
8.218000,0.800000,121.212121,3.307965476,-2.387099968,-16.831882263,3.307965476
8.219000,0.800000,121.212121,3.319870353,-2.428307788,-16.826894415,3.319870353
8.220000,0.800000,121.212121,3.336562404,-2.527169134,-16.948197065,3.336562404
8.221000,0.800000,121.212121,3.346646923,-2.508583256,-16.840724295,3.346646923
8.222000,0.800000,121.212121,3.359974131,-2.597356889,-16.771793472,3.359974131
8.223000,0.800000,121.212121,3.359060222,-2.674974898,-16.837188457,3.359060222
8.224000,0.800000,121.212121,3.345694788,-2.617175435,-16.831533813,3.345694788
8.225000,0.800000,121.212121,3.340292089,-2.629471119,-16.826589753,3.340292089
8.226000,0.800000,121.212121,3.319010020,-2.617702704,-16.351014215,3.319010020
8.227000,0.800000,121.212121,3.329526998,-2.692763983,-16.155126616,3.329526998
8.228000,0.800000,121.212121,3.345005560,-2.821224636,-16.235182391,3.345005560
8.229000,0.800000,121.212121,3.352255842,-2.807878741,-16.305178060,3.352255842
8.230000,0.800000,121.212121,3.358643991,-2.840943655,-16.482718834,3.358643991
8.231000,0.800000,121.212121,3.364180418,-2.699456090,-16.333112597,3.364180418
8.232000,0.800000,121.212121,3.362737931,-2.575748376,-16.265138288,3.362737931
8.233000,0.800000,121.212121,3.355193528,-2.593249938,-16.205705882,3.355193528
8.234000,0.800000,121.212121,3.348597182,-2.608552189,-16.090910120,3.348597182
8.235000,0.800000,121.212121,3.343280706,-2.767188911,-15.855742310,3.343280706
8.236000,0.800000,121.212121,3.331898184,-3.011960758,-15.973419826,3.331898184
8.237000,0.800000,121.212121,3.315662847,-3.100309961,-16.076309550,3.315662847
8.238000,0.800000,121.212121,3.314034073,-3.051893171,-15.977774210,3.314034073
8.239000,0.800000,121.212121,3.331459533,-2.883896907,-15.954453039,3.331459533
8.240000,0.800000,121.212121,3.324685974,-2.663520758,-15.727738740,3.324685974
8.241000,0.800000,121.212121,3.328206506,-2.544328811,-15.547342394,3.328206506
8.242000,0.800000,121.212121,3.337567820,-2.502946819,-15.515279027,3.337567820
8.243000,0.800000,121.212121,3.326903201,-2.529596894,-15.675740422,3.326903201
8.244000,0.800000,121.212121,3.311295552,-2.552898022,-15.816037642,3.311295552
8.245000,0.800000,121.212121,3.302988152,-2.536147748,-15.865356887,3.302988152
8.246000,0.800000,121.212121,3.302952127,-2.495793818,-15.981826200,3.302952127
8.247000,0.800000,121.212121,3.309203815,-2.586174619,-15.957995841,3.309203815
8.248000,0.800000,121.212121,3.308386707,-2.539534128,-15.748664534,3.308386707
8.249000,0.800000,121.212121,3.320238650,-2.687250213,-15.691302282,3.320238650
8.250000,0.800000,121.212121,3.342089824,-2.486260963,-15.669820699,3.342089824
8.251000,0.800000,121.212121,3.350082867,-2.312501926,-15.580875112,3.350082867
8.252000,0.800000,121.212121,3.356695117,-2.300252159,-15.607429753,3.356695117
8.253000,0.800000,121.212121,3.356193261,-2.226709891,-15.630647439,3.356193261
8.254000,0.800000,121.212121,3.349471285,-2.099577363,-15.588115652,3.349471285
8.255000,0.800000,121.212121,3.349877203,-1.988420780,-15.739424126,3.349877203
8.256000,0.800000,121.212121,3.344259236,-1.876984881,-15.932452321,3.344259236
8.257000,0.800000,121.212121,3.320187378,-1.982295653,-16.228985733,3.320187378
8.258000,0.800000,121.212121,3.305423664,-2.011540831,-16.299760097,3.305423664
8.259000,0.800000,121.212121,3.311364769,-2.037110951,-16.487304399,3.311364769
8.260000,0.800000,121.212121,3.316559293,-2.122299688,-16.714113042,3.316559293
8.261000,0.800000,121.212121,3.301518475,-2.199075158,-16.551903158,3.301518475
8.262000,0.800000,121.212121,3.301667136,-2.263910873,-16.393602963,3.301667136
8.263000,0.800000,121.212121,3.295513930,-2.132103532,-16.255195357,3.295513930
8.264000,0.800000,121.212121,3.283850773,-2.079691443,-16.134180564,3.283850773
8.265000,0.800000,121.212121,3.273653251,-2.222361211,-15.965541085,3.273653251
8.266000,0.800000,121.212121,3.275001538,-2.401232292,-16.160246756,3.275001538
8.267000,0.800000,121.212121,3.272199230,-2.629159751,-16.176827262,3.272199230
8.268000,0.800000,121.212121,3.276032255,-2.828445001,-16.191324200,3.276032255
8.269000,0.800000,121.212121,3.291949979,-2.939855475,-16.203999399,3.291949979
8.270000,0.800000,121.212121,3.299584237,-2.848770136,-16.152249933,3.299584237
8.271000,0.800000,121.212121,3.305812077,-2.942931189,-16.012506725,3.305812077
8.272000,0.800000,121.212121,3.299138002,-2.977123051,-15.984820938,3.299138002
8.273000,0.800000,121.212121,3.299585801,-3.132681943,-16.023446102,3.299585801
8.274000,0.800000,121.212121,3.293694143,-3.205860875,-16.057217486,3.293694143
8.275000,0.800000,121.212121,3.301109223,-3.207012018,-16.149576885,3.301109223
8.276000,0.800000,121.212121,3.284213837,-3.389498388,-16.002567592,3.284213837
8.277000,0.800000,121.212121,3.280253877,-3.618900373,-16.038962647,3.280253877
8.278000,0.800000,121.212121,3.276791540,-3.756643001,-16.007952310,3.276791540
8.279000,0.800000,121.212121,3.273764294,-3.877076380,-15.980838848,3.273764294
8.280000,0.800000,121.212121,3.271117462,-3.793880095,-15.957132563,3.271117462
8.281000,0.800000,121.212121,3.266779834,-3.657538003,-15.792618992,3.266779834
8.282000,0.800000,121.212121,3.271293880,-3.601929724,-15.666901406,3.271293880
8.283000,0.800000,121.212121,3.268957490,-3.616141241,-15.619813811,3.268957490
8.284000,0.800000,121.212121,3.273197884,-3.628566886,-15.704307124,3.273197884
8.285000,0.800000,121.212121,3.276905415,-3.702262931,-15.652518988,3.276905415
8.286000,0.800000,121.212121,3.282981317,-3.587499983,-15.740352770,3.282981317
8.287000,0.800000,121.212121,3.298025796,-3.666356648,-15.809698710,3.298025796
8.288000,0.800000,121.212121,3.311179730,-3.798135745,-15.681834824,3.311179730
8.289000,0.800000,121.212121,3.316397507,-3.913354992,-15.632870640,3.316397507
8.290000,0.800000,121.212121,3.339809154,-4.076927215,-15.590059477,3.339809154
8.291000,0.800000,121.212121,3.343635329,-3.866021640,-15.763332262,3.343635329
8.292000,0.800000,121.212121,3.344774615,-3.909878241,-15.766958661,3.344774615
8.293000,0.800000,121.212121,3.352053919,-3.822559952,-15.707297500,3.352053919
8.294000,0.800000,121.212121,3.352135293,-3.494886992,-15.780797289,3.352135293
8.295000,0.800000,121.212121,3.358489627,-3.208390629,-15.845060821,3.358489627
8.296000,0.800000,121.212121,3.345349507,-3.029352535,-15.589176163,3.345349507
8.297000,0.800000,121.212121,3.346273383,-2.864188811,-15.551855810,3.346273383
8.298000,0.800000,121.212121,3.353364346,-2.782612026,-15.707720830,3.353364346
8.299000,0.800000,121.212121,3.365847418,-2.711286482,-15.843999274,3.365847418
8.300000,0.800000,121.212121,3.351629080,-2.900251382,-15.837488758,3.351629080
8.301000,0.800000,121.212121,3.346388051,-2.730959334,-16.062355367,3.346388051
8.302000,0.800000,121.212121,3.353464605,-2.728956512,-15.839909855,3.353464605
8.303000,0.800000,121.212121,3.359651892,-2.852869078,-15.771081377,3.359651892
8.304000,0.800000,121.212121,3.358778477,-2.772714772,-15.773733994,3.358778477
8.305000,0.800000,121.212121,3.351731634,-2.765464807,-15.776053273,3.351731634
8.306000,0.800000,121.212121,3.364526437,-2.580879370,-15.779854108,3.364526437
8.307000,0.800000,121.212121,3.369323654,-2.534904299,-15.907068017,3.369323654
8.308000,0.800000,121.212121,3.360951664,-2.494706626,-15.955463902,3.360951664
8.309000,0.800000,121.212121,3.353631730,-2.459560342,-15.872114474,3.353631730
8.310000,0.800000,121.212121,3.353514831,-2.554494376,-15.987734604,3.353514831
8.311000,0.800000,121.212121,3.330559220,-2.348872543,-16.114381048,3.330559220
8.312000,0.800000,121.212121,3.314492142,-2.332052310,-16.199557062,3.314492142
8.313000,0.800000,121.212121,3.313010484,-2.254513916,-16.148365836,3.313010484
8.314000,0.800000,121.212121,3.324281386,-2.061055579,-16.229271195,3.324281386
8.315000,0.800000,121.212121,3.321569575,-1.954739786,-16.174345982,3.321569575
8.316000,0.800000,121.212121,3.317125457,-2.133813506,-16.264934403,3.317125457
8.317000,0.800000,121.212121,3.315312887,-2.206850242,-16.142695765,3.315312887
8.318000,0.800000,121.212121,3.301161719,-2.270708911,-16.098649941,3.301161719
8.319000,0.800000,121.212121,3.295072026,-2.263711009,-16.122970931,3.295072026
8.320000,0.800000,121.212121,3.314880327,-2.383256196,-16.081403802,3.314880327
8.321000,0.800000,121.212121,3.322209434,-2.579166878,-15.895515559,3.322209434
8.322000,0.800000,121.212121,3.307191621,-2.596238859,-15.945363168,3.307191621
8.323000,0.800000,121.212121,3.294061002,-2.548333658,-16.051778595,3.294061002
8.324000,0.800000,121.212121,3.295146796,-2.443616549,-16.019157759,3.295146796
8.325000,0.800000,121.212121,3.288144622,-2.195109874,-16.440304932,3.288144622
8.326000,0.800000,121.212121,3.296257075,-2.386107587,-16.421692290,3.296257075
8.327000,0.800000,121.212121,3.297774964,-2.824778393,-16.454021740,3.297774964
8.328000,0.800000,121.212121,3.298394048,-2.936649626,-16.496517246,3.298394048
8.329000,0.800000,121.212121,3.286368965,-2.908799000,-16.408008903,3.286368965
8.330000,0.800000,121.212121,3.294704554,-2.758784480,-16.267790993,3.294704554
8.331000,0.800000,121.212121,3.295709477,-2.753285047,-16.145193386,3.295709477
8.332000,0.800000,121.212121,3.285579543,-2.689336405,-16.289688780,3.285579543
8.333000,0.800000,121.212121,3.281447963,-2.881059633,-16.164339416,3.281447963
8.334000,0.800000,121.212121,3.290401943,-2.923026504,-16.054741917,3.290401943
8.335000,0.800000,121.212121,3.291947548,-2.896887809,-16.147412405,3.291947548
8.336000,0.800000,121.212121,3.312148483,-2.748370094,-16.102773870,3.312148483
8.337000,0.800000,121.212121,3.326404223,-2.630642931,-15.911852205,3.326404223
8.338000,0.800000,121.212121,3.329708833,-2.766909946,-15.771151332,3.329708833
8.339000,0.800000,121.212121,3.338881359,-2.823221289,-15.648131452,3.338881359
8.340000,0.800000,121.212121,3.353184417,-2.809624488,-15.666234412,3.353184417
8.341000,0.800000,121.212121,3.353123729,-2.797736311,-15.807726193,3.353123729
8.342000,0.800000,121.212121,3.323977052,-2.715422110,-16.039602959,3.323977052
8.343000,0.800000,121.212121,3.340153040,-2.589708047,-16.134175865,3.340153040
8.344000,0.800000,121.212121,3.335446738,-2.542623532,-16.154032536,3.335446738
8.345000,0.800000,121.212121,3.337615032,-2.627119538,-16.171393944,3.337615032
8.346000,0.800000,121.212121,3.333227665,-2.638165609,-16.249405506,3.333227665
8.347000,0.800000,121.212121,3.319754462,-2.357900015,-16.251587167,3.319754462
8.348000,0.800000,121.212121,3.305045150,-2.277113504,-16.193857646,3.305045150
8.349000,0.800000,121.212121,3.292184265,-2.394974483,-16.269046336,3.292184265
8.350000,0.800000,121.212121,3.262511645,-2.534336010,-16.276720884,3.262511645
8.351000,0.800000,121.212121,3.261278863,-2.368546044,-16.278664820,3.261278863
8.352000,0.800000,121.212121,3.253917812,-2.349253566,-16.154700767,3.253917812
8.353000,0.800000,121.212121,3.236360902,-2.380468901,-15.833780423,3.236360902
8.354000,0.800000,121.212121,3.238414319,-2.422510005,-15.891385899,3.238414319
8.355000,0.800000,121.212121,3.240209696,-2.396436216,-15.816088750,3.240209696
8.356000,0.800000,121.212121,3.235496274,-2.247975249,-15.687421868,3.235496274
8.357000,0.800000,121.212121,3.243941529,-2.306665997,-15.700587449,3.243941529
8.358000,0.800000,121.212121,3.221661639,-2.465680262,-15.541563330,3.221661639
8.359000,0.800000,121.212121,3.206712664,-2.497013391,-15.510226182,3.206712664
8.360000,0.800000,121.212121,3.212491789,-2.587240936,-15.545658829,3.212491789
8.361000,0.800000,121.212121,3.211261502,-2.666130154,-15.513807026,3.211261502
8.362000,0.800000,121.212121,3.197619447,-2.672274007,-15.360294132,3.197619447
8.363000,0.800000,121.212121,3.193322831,-2.564574531,-14.873181118,3.193322831
8.364000,0.800000,121.212121,3.200784572,-2.646312093,-14.925835356,3.200784572
8.365000,0.800000,121.212121,3.201025457,-2.654946357,-14.846209161,3.201025457
8.366000,0.800000,121.212121,3.194952887,-2.725327460,-14.776589089,3.194952887
8.367000,0.800000,121.212121,3.195926603,-2.786864213,-14.778549586,3.195926603
8.368000,0.800000,121.212121,3.203015947,-3.076206218,-14.671890111,3.203015947
8.369000,0.800000,121.212121,3.215542800,-3.093650246,-14.749839323,3.215542800
8.370000,0.800000,121.212121,3.235282242,-2.823869625,-14.696982635,3.235282242
8.371000,0.800000,121.212121,3.218621651,-2.873023204,-14.834610480,3.218621651
8.372000,0.800000,121.212121,3.222904248,-2.978831816,-14.829279795,3.222904248
8.373000,0.800000,121.212121,3.239215049,-3.197007831,-14.887450836,3.239215049
8.374000,0.800000,121.212121,3.230614787,-3.366059180,-14.802181676,3.230614787
8.375000,0.800000,121.212121,3.218546579,-3.456148040,-14.980428207,3.218546579
8.376000,0.800000,121.212121,3.222838610,-3.425847171,-15.082437231,3.222838610
8.377000,0.800000,121.212121,3.226591288,-3.336522168,-14.983131864,3.226591288
8.378000,0.800000,121.212121,3.223589206,-3.258422075,-14.707810019,3.223589206
8.379000,0.800000,121.212121,3.230446195,-3.138327308,-14.500044238,3.230446195
8.380000,0.800000,121.212121,3.233242876,-3.022301264,-14.536756386,3.233242876
8.381000,0.800000,121.212121,3.241971301,-2.858023629,-14.631687003,3.241971301
8.382000,0.800000,121.212121,3.243319695,-2.840053436,-14.651856433,3.243319695
8.383000,0.800000,121.212121,3.244498644,-2.887173298,-14.732323152,3.244498644
8.384000,0.800000,121.212121,3.246430707,-3.027225192,-14.628655984,3.246430707
8.385000,0.800000,121.212121,3.272351456,-3.113656210,-14.712038157,3.272351456
8.386000,0.800000,121.212121,3.282448538,-3.252057839,-14.533614804,3.282448538
8.387000,0.800000,121.212121,3.278710412,-3.247403701,-14.440444644,3.278710412
8.388000,0.800000,121.212121,3.275442033,-3.054838859,-14.547478151,3.275442033
8.389000,0.800000,121.212121,3.275579429,-3.100463300,-14.958420735,3.275579429
8.390000,0.800000,121.212121,3.272704501,-3.114859093,-14.811867887,3.272704501
8.391000,0.800000,121.212121,3.270190846,-3.127445858,-14.746563267,3.270190846
8.392000,0.800000,121.212121,3.261709882,-3.138450922,-14.752296920,3.261709882
8.393000,0.800000,121.212121,3.260577852,-2.959577491,-14.694478209,3.260577852
8.394000,0.800000,121.212121,3.234379509,-2.792103373,-14.772429081,3.234379509
8.395000,0.800000,121.212121,3.230398730,-2.845248817,-14.712080488,3.230398730
8.396000,0.800000,121.212121,3.226918191,-2.954547661,-14.722147375,3.226918191
8.397000,0.800000,121.212121,3.223875029,-2.987279754,-14.793781073,3.223875029
8.398000,0.800000,121.212121,3.214931096,-3.015898611,-14.667917455,3.214931096
8.399000,0.800000,121.212121,3.214931096,-3.015898611,-14.667917455,3.214931096
8.400000,0.800000,121.212121,3.221862971,-3.081928004,-14.683788647,3.221862971
8.401000,0.800000,121.212121,3.219455066,-3.035821158,-14.823074498,3.219455066
8.402000,0.800000,121.212121,3.217349748,-3.121171975,-14.756361613,3.217349748
8.403000,0.800000,121.212121,3.209225807,-3.195797292,-14.760863970,3.209225807
8.404000,0.800000,121.212121,3.207689092,-2.909853043,-14.642578728,3.207689092
8.405000,0.800000,121.212121,3.207062330,-2.885369775,-14.535715757,3.207062330
8.406000,0.800000,121.212121,3.206514329,-2.926795017,-14.693608996,3.206514329
8.407000,0.800000,121.212121,3.212318377,-2.837350904,-14.894492639,3.212318377
8.408000,0.800000,121.212121,3.211109881,-2.884810376,-15.195796204,3.211109881
8.409000,0.800000,121.212121,3.221695770,-2.774091411,-15.391204664,3.221695770
8.410000,0.800000,121.212121,3.231875247,-2.578172893,-15.441593997,3.231875247
8.411000,0.800000,121.212121,3.221925978,-2.532537928,-15.359987513,3.221925978
8.412000,0.800000,121.212121,3.225793341,-2.429805769,-15.288636002,3.225793341
8.413000,0.800000,121.212121,3.229174717,-2.339983314,-15.100587080,3.229174717
8.414000,0.800000,121.212121,3.211162512,-2.129950399,-15.035844189,3.211162512
8.415000,0.800000,121.212121,3.216382452,-2.203472587,-15.005225730,3.216382452
8.416000,0.800000,121.212121,3.214663250,-2.267755704,-15.041286753,3.214663250
8.417000,0.800000,121.212121,3.224412192,-2.302375356,-14.982615543,3.224412192
8.418000,0.800000,121.212121,3.221683943,-2.291398132,-15.021517846,3.221683943
8.419000,0.800000,121.212121,3.206732165,-2.407464052,-15.055531541,3.206732165
8.420000,0.800000,121.212121,3.206225654,-2.383280993,-15.085270949,3.206225654
8.421000,0.800000,121.212121,3.223455571,-2.649913371,-15.126112215,3.223455571
8.422000,0.800000,121.212121,3.233413905,-2.783758791,-15.272645900,3.233413905
8.423000,0.800000,121.212121,3.229554467,-2.775120994,-15.589261178,3.229554467
8.424000,0.800000,121.212121,3.226143594,-3.078897612,-15.421016695,3.226143594
8.425000,0.800000,121.212121,3.223197771,-3.033171576,-15.341996031,3.223197771
8.426000,0.800000,121.212121,3.220622131,-3.056023497,-15.210073543,3.220622131
8.427000,0.800000,121.212121,3.228967541,-3.164200766,-15.111646960,3.228967541
8.428000,0.800000,121.212121,3.244516406,-3.233418926,-14.945839138,3.244516406
8.429000,0.800000,121.212121,3.245544972,-3.231107022,-14.800867340,3.245544972
8.430000,0.800000,121.212121,3.233877915,-3.103421935,-14.674113236,3.233877915
8.431000,0.800000,121.212121,3.229960168,-3.180277788,-14.688951229,3.229960168
8.432000,0.800000,121.212121,3.235316566,-3.125629303,-14.768203905,3.235316566
8.433000,0.800000,121.212121,3.243784403,-3.136862643,-14.771218115,3.243784403
8.434000,0.800000,121.212121,3.244904956,-3.335179919,-14.836685402,3.244904956
8.435000,0.800000,121.212121,3.239601510,-3.320080352,-14.768262121,3.239601510
8.436000,0.800000,121.212121,3.222398145,-3.181214546,-14.834100869,3.222398145
8.437000,0.800000,121.212121,3.171441229,-3.377672834,-15.287405810,3.171441229
8.438000,0.800000,121.212121,3.156519951,-3.545729008,-15.225175185,3.156519951
8.439000,0.800000,121.212121,3.143473737,-3.504171062,-15.107932838,3.143473737
8.440000,0.800000,121.212121,3.178506748,-3.311248793,-15.214631746,3.178506748
8.441000,0.800000,121.212121,3.168980777,-3.236324647,-15.035882473,3.168980777
8.442000,0.800000,121.212121,3.154368689,-3.107983893,-14.691099938,3.154368689
8.443000,0.800000,121.212121,3.135309625,-3.121434621,-14.515307759,3.135309625
8.444000,0.800000,121.212121,3.122925182,-2.915837314,-14.352883200,3.122925182
8.445000,0.800000,121.212121,3.107817426,-3.016265746,-14.282424443,3.107817426
8.446000,0.800000,121.212121,3.107174537,-3.166905822,-14.032324236,3.107174537
8.447000,0.800000,121.212121,3.119178806,-3.047288495,-13.876484401,3.119178806
8.448000,0.800000,121.212121,3.117108204,-2.879870872,-13.865891683,3.117108204
8.449000,0.800000,121.212121,3.102727666,-2.786106705,-13.793596165,3.102727666
8.450000,0.800000,121.212121,3.096441190,-2.840005713,-13.981915049,3.096441190
8.451000,0.800000,121.212121,3.097227881,-2.949963425,-14.020905378,3.097227881
8.452000,0.800000,121.212121,3.091632528,-3.046103443,-14.180659745,3.091632528
8.453000,0.800000,121.212121,3.086740307,-3.130162150,-14.320338785,3.086740307
8.454000,0.800000,121.212121,3.096782923,-3.150149558,-13.952509034,3.096782923
8.455000,0.800000,121.212121,3.097526671,-3.221133445,-13.743867220,3.097526671
8.456000,0.800000,121.212121,3.098176956,-3.283197233,-13.561444110,3.098176956
8.457000,0.800000,121.212121,3.086179153,-3.337461856,-13.401944963,3.086179153
8.458000,0.800000,121.212121,3.081972224,-3.384907385,-13.325320924,3.081972224
8.459000,0.800000,121.212121,3.093137896,-3.227125085,-13.435285474,3.093137896
8.460000,0.800000,121.212121,3.088056505,-3.162772236,-13.480135448,3.088056505
8.461000,0.800000,121.212121,3.077330476,-3.232169910,-13.519349409,3.077330476
8.462000,0.800000,121.212121,3.074235505,-3.292846815,-13.490803745,3.074235505
8.463000,0.800000,121.212121,3.074235505,-3.292846815,-13.490803745,3.074235505
8.464000,0.800000,121.212121,3.074235505,-3.292846815,-13.490803745,3.074235505
8.465000,0.800000,121.212121,3.074235505,-3.292846815,-13.490803745,3.074235505
8.466000,0.800000,121.212121,3.074235505,-3.292846815,-13.490803745,3.074235505
8.467000,0.800000,121.212121,3.097266172,-3.368428589,-13.115695265,3.097266172
8.468000,0.800000,121.212121,3.104232378,-3.349150871,-13.137874276,3.104232378
8.469000,0.800000,121.212121,3.097756814,-3.018136396,-13.094434338,3.097756814
8.470000,0.800000,121.212121,3.092094993,-2.980045840,-13.182116930,3.092094993
8.471000,0.800000,121.212121,3.093427843,-3.323733003,-13.133117295,3.093427843
8.472000,0.800000,121.212121,3.093427843,-3.323733003,-13.133117295,3.093427843
8.473000,0.800000,121.212121,3.101996610,-3.354151116,-13.145729103,3.101996610
8.474000,0.800000,121.212121,3.102085186,-3.336667558,-13.226965804,3.102085186
8.475000,0.800000,121.212121,3.108445817,-3.384212902,-13.235162147,3.108445817
8.476000,0.800000,121.212121,3.107092818,-3.234489861,-13.374258023,3.107092818
8.477000,0.800000,121.212121,3.106540985,-3.169211527,-13.363945080,3.106540985
8.478000,0.800000,121.212121,3.093492128,-3.174968163,-13.417759953,3.093492128
8.479000,0.800000,121.212121,3.088366223,-3.117169545,-13.464812249,3.088366223
8.480000,0.800000,121.212121,3.083884459,-2.940970411,-13.568783633,3.083884459
8.481000,0.800000,121.212121,3.077329311,-2.895646953,-13.440804064,3.077329311
8.482000,0.800000,121.212121,3.086800857,-3.124276287,-13.359296845,3.086800857
8.483000,0.800000,121.212121,3.101365358,-3.198511505,-13.413695833,3.101365358
8.484000,0.800000,121.212121,3.107816445,-3.263418050,-13.586922548,3.107816445
8.485000,0.800000,121.212121,3.113456864,-3.257336345,-13.738380952,3.113456864
8.486000,0.800000,121.212121,3.111713151,-3.302305815,-13.758950660,3.111713151
8.487000,0.800000,121.212121,3.123147081,-3.228505477,-13.825959521,3.123147081
8.488000,0.800000,121.212121,3.139427367,-3.289642868,-13.821715946,3.139427367
8.489000,0.800000,121.212121,3.147378626,-3.217433803,-13.755173783,3.147378626
8.490000,0.800000,121.212121,3.148047515,-3.154298796,-13.759825407,3.148047515
8.491000,0.800000,121.212121,3.172697295,-3.459073368,-13.830280342,3.172697295
8.492000,0.800000,121.212121,3.157618176,-3.491236744,-13.825493798,3.157618176
8.493000,0.800000,121.212121,3.150717140,-3.456526498,-13.946972454,3.150717140
8.494000,0.800000,121.212121,3.144683314,-3.237682511,-14.053185653,3.144683314
8.495000,0.800000,121.212121,3.139407720,-3.172002976,-14.020388001,3.139407720
8.496000,0.800000,121.212121,3.148032496,-3.182135361,-14.492647460,3.148032496
8.497000,0.800000,121.212121,3.148619217,-3.123436087,-14.530289115,3.148619217
8.498000,0.800000,121.212121,3.142849024,-3.134945035,-14.500368727,3.142849024
8.499000,0.800000,121.212121,3.144087120,-3.082175872,-14.599871952,3.144087120
8.500000,0.800000,121.212121,3.151452817,-3.098869731,-14.749703085,3.151452817
8.501000,0.800000,121.212121,3.175300526,-3.126227631,-14.987350701,3.175300526
8.502000,0.800000,121.212121,3.191310201,-3.011722077,-14.899994260,3.191310201
8.503000,0.800000,121.212121,3.199024857,-2.911605715,-14.949279059,3.199024857
8.504000,0.800000,121.212121,3.205770060,-3.012565905,-15.055202401,3.205770060
8.505000,0.800000,121.212121,3.205384450,-3.226502770,-15.084983170,3.205384450
8.506000,0.800000,121.212121,3.216529315,-3.223798489,-15.016019879,3.216529315
8.507000,0.800000,121.212121,3.233641214,-3.034199966,-15.113556322,3.233641214
8.508000,0.800000,121.212121,3.229753212,-2.994090802,-15.136004121,3.229753212
8.509000,0.800000,121.212121,3.232636976,-3.147517463,-15.092799193,3.232636976
8.510000,0.800000,121.212121,3.235158355,-3.030336550,-15.117855410,3.235158355
8.511000,0.800000,121.212121,3.245573578,-2.838300439,-15.457285443,3.245573578
8.512000,0.800000,121.212121,3.240186111,-2.885640589,-15.687866379,3.240186111
8.513000,0.800000,121.212121,3.222909282,-2.927031800,-15.826639807,3.222909282
8.514000,0.800000,121.212121,3.207803524,-2.963221638,-15.822310745,3.207803524
8.515000,0.800000,121.212121,3.207162382,-2.994863727,-15.692861984,3.207162382
8.516000,0.800000,121.212121,3.189630827,-2.983886937,-15.480721321,3.189630827
8.517000,0.800000,121.212121,3.197556518,-3.075764001,-15.394197952,3.197556518
8.518000,0.800000,121.212121,3.204486238,-2.967599893,-15.192883725,3.204486238
8.519000,0.800000,121.212121,3.210545144,-2.935859941,-15.079699242,3.210545144
8.520000,0.800000,121.212121,3.209559479,-2.970940402,-15.169233500,3.209559479
8.521000,0.800000,121.212121,3.213437789,-2.737958056,-15.606434480,3.213437789
8.522000,0.800000,121.212121,3.212088625,-2.735075749,-15.629777236,3.212088625
8.523000,0.800000,121.212121,3.212088625,-2.735075749,-15.629777236,3.212088625
8.524000,0.800000,121.212121,3.192607194,-2.777392708,-15.660135667,3.192607194
8.525000,0.800000,121.212121,3.193875679,-2.581059337,-15.613898280,3.193875679
8.526000,0.800000,121.212121,3.214014460,-2.377076182,-15.420356416,3.214014460
8.527000,0.800000,121.212121,3.218876014,-2.293879922,-15.341418725,3.218876014
8.528000,0.800000,121.212121,3.216843461,-2.221138412,-15.335232490,3.216843461
8.529000,0.800000,121.212121,3.215066327,-2.346033430,-15.392655493,3.215066327
8.530000,0.800000,121.212121,3.200946143,-2.392401823,-15.505694362,3.200946143
8.531000,0.800000,121.212121,3.177805983,-1.997318267,-15.690942488,3.177805983
8.532000,0.800000,121.212121,3.180934443,-2.087507501,-15.766497508,3.180934443
8.533000,0.800000,121.212121,3.177386584,-2.354858780,-15.832558004,3.177386584
8.534000,0.800000,121.212121,3.186850932,-2.337286294,-15.827485240,3.186850932
8.535000,0.800000,121.212121,3.195125956,-2.196258326,-15.760218085,3.195125956
8.536000,0.800000,121.212121,3.209476635,-2.090805362,-15.649980655,3.209476635
8.537000,0.800000,121.212121,3.208625243,-2.043582955,-15.605019384,3.208625243
8.538000,0.800000,121.212121,3.201597655,-2.190790249,-15.440044407,3.201597655
8.539000,0.800000,121.212121,3.201736366,-2.382330782,-15.421464504,3.201736366
8.540000,0.800000,121.212121,3.189291274,-2.549801622,-15.405219419,3.189291274
8.541000,0.800000,121.212121,3.168896256,-2.478844491,-15.260828949,3.168896256
8.542000,0.800000,121.212121,3.160577975,-2.445691502,-15.390433630,3.160577975
8.543000,0.800000,121.212121,3.165871370,-2.228209080,-15.503751706,3.165871370
8.544000,0.800000,121.212121,3.170499578,-2.163720012,-15.539997960,3.170499578
8.545000,0.800000,121.212121,3.180829373,-2.170166732,-15.571689376,3.180829373
8.546000,0.800000,121.212121,3.185981042,-2.235667788,-15.505857252,3.185981042
8.547000,0.800000,121.212121,3.188082193,-2.295905137,-15.416175209,3.188082193
8.548000,0.800000,121.212121,3.189919307,-2.411404691,-15.463426651,3.189919307
8.549000,0.800000,121.212121,3.178959191,-2.512390142,-15.379076594,3.178959191
8.550000,0.800000,121.212121,3.179069065,-2.698343172,-15.619034519,3.179069065
8.551000,0.800000,121.212121,3.175755616,-2.951766430,-15.577962054,3.175755616
8.552000,0.800000,121.212121,3.157759164,-3.005876777,-15.439924953,3.157759164
8.553000,0.800000,121.212121,3.157123597,-3.032158663,-15.295696354,3.157123597
8.554000,0.800000,121.212121,3.175417452,-3.055137870,-15.232423908,3.175417452
8.555000,0.800000,121.212121,3.178846064,-2.886733865,-15.177102513,3.178846064
8.556000,0.800000,121.212121,3.188127009,-2.927987691,-15.128733009,3.188127009
8.557000,0.800000,121.212121,3.185276636,-2.807098912,-15.049465054,3.185276636
8.558000,0.800000,121.212121,3.187466306,-2.795528108,-15.079966799,3.187466306
8.559000,0.800000,121.212121,3.189380814,-2.848243187,-15.043803729,3.189380814
8.560000,0.800000,121.212121,3.203621108,-2.831502042,-15.075016897,3.203621108
8.561000,0.800000,121.212121,3.209788729,-2.754032797,-15.102307703,3.209788729
8.562000,0.800000,121.212121,3.201046672,-2.941235445,-14.848663985,3.201046672
8.563000,0.800000,121.212121,3.188688250,-3.164135960,-14.715903577,3.188688250
8.564000,0.800000,121.212121,3.196732390,-3.170530410,-14.662658188,3.196732390
8.565000,0.800000,121.212121,3.197482487,-3.113289458,-14.616103811,3.197482487
8.566000,0.800000,121.212121,3.198138325,-3.000409762,-14.575399630,3.198138325
8.567000,0.800000,121.212121,3.210989914,-2.760486319,-14.814957190,3.210989914
8.568000,0.800000,121.212121,3.203665173,-2.817604880,-14.937759916,3.203665173
8.569000,0.800000,121.212121,3.197260886,-2.930377563,-14.919467090,3.197260886
8.570000,0.800000,121.212121,3.197944570,-2.966146960,-14.903473008,3.197944570
8.571000,0.800000,121.212121,3.204825526,-2.934589589,-14.952320655,3.204825526
8.572000,0.800000,121.212121,3.179982063,-3.000641384,-15.142244530,3.179982063
8.573000,0.800000,121.212121,3.163987513,-3.027581169,-15.161087262,3.163987513
8.574000,0.800000,121.212121,3.184882849,-3.134561949,-15.246902906,3.184882849
8.575000,0.800000,121.212121,3.193405189,-3.081840926,-15.126930173,3.193405189
8.576000,0.800000,121.212121,3.201877985,-2.987546018,-15.048086851,3.201877985
8.577000,0.800000,121.212121,3.208264653,-2.827635856,-15.078761786,3.208264653
8.578000,0.800000,121.212121,3.207565564,-2.687820597,-15.168413849,3.207565564
8.579000,0.800000,121.212121,3.194387954,-2.565575042,-14.995472488,3.194387954
8.580000,0.800000,121.212121,3.189149477,-2.521523170,-14.969927287,3.189149477
8.581000,0.800000,121.212121,3.210401449,-2.574994657,-14.794504414,3.210401449
8.582000,0.800000,121.212121,3.209433842,-2.655422787,-14.668549899,3.209433842
8.583000,0.800000,121.212121,3.202304642,-2.662912167,-14.746918854,3.202304642
8.584000,0.800000,121.212121,3.202354510,-2.732292257,-14.689775970,3.202354510
8.585000,0.800000,121.212121,3.208681296,-2.667290082,-14.451318313,3.208681296
8.586000,0.800000,121.212121,3.195496031,-2.333124139,-14.421733598,3.195496031
8.587000,0.800000,121.212121,3.202684679,-2.381114762,-14.468286551,3.202684679
8.588000,0.800000,121.212121,3.202686790,-2.485906558,-14.571821341,3.202686790
8.589000,0.800000,121.212121,3.202688636,-2.577529829,-14.599513712,3.202688636
8.590000,0.800000,121.212121,3.208973435,-2.594807527,-14.686558011,3.208973435
8.591000,0.800000,121.212121,3.212989779,-2.623122223,-14.939078568,3.212989779
8.592000,0.800000,121.212121,3.211696913,-2.571838758,-14.983451888,3.211696913
8.593000,0.800000,121.212121,3.210566513,-2.652663471,-15.085080946,3.210566513
8.594000,0.800000,121.212121,3.228427719,-2.848995156,-14.985443360,3.228427719
8.595000,0.800000,121.212121,3.237761235,-2.832159515,-14.961158455,3.237761235
8.596000,0.800000,121.212121,3.229503398,-3.048000991,-15.219728246,3.229503398
8.597000,0.800000,121.212121,3.226135369,-2.943325686,-15.354497794,3.226135369
8.598000,0.800000,121.212121,3.224647842,-2.867619654,-15.245666827,3.224647842
8.599000,0.800000,121.212121,3.221889981,-2.722779884,-15.188681278,3.221889981
8.600000,0.800000,121.212121,3.206912312,-2.658973068,-15.264520449,3.206912312
8.601000,0.800000,121.212121,3.206383162,-2.540352601,-15.205165683,3.206383162
8.602000,0.800000,121.212121,3.223575980,-2.463725372,-14.935190886,3.223575980
8.603000,0.800000,121.212121,3.227235998,-2.558136013,-14.917220894,3.227235998
8.604000,0.800000,121.212121,3.224152899,-2.766346369,-14.901509077,3.224152899
8.605000,0.800000,121.212121,3.215174049,-2.822728534,-14.824939813,3.215174049
8.606000,0.800000,121.212121,3.207323514,-2.683529948,-14.820824379,3.207323514
8.607000,0.800000,121.212121,3.194458055,-2.698842999,-15.175279756,3.194458055
8.608000,0.800000,121.212121,3.195493954,-2.763707887,-15.315634866,3.195493954
8.609000,0.800000,121.212121,3.202682863,-2.820421614,-15.375520579,3.202682863
8.610000,0.800000,121.212121,3.202685202,-2.681512924,-15.239385273,3.202685202
8.611000,0.800000,121.212121,3.202687247,-2.560060014,-15.120357233,3.202687247
8.612000,0.800000,121.212121,3.195617845,-2.894926900,-14.988125906,3.195617845
8.613000,0.800000,121.212121,3.177658445,-2.872319306,-15.214831315,3.177658445
8.614000,0.800000,121.212121,3.155672704,-2.852552666,-15.350216229,3.155672704
8.615000,0.800000,121.212121,3.142732957,-2.772438122,-15.468588173,3.142732957
8.616000,0.800000,121.212121,3.137702453,-2.702391068,-15.509253207,3.137702453
8.617000,0.800000,121.212121,3.142814401,-2.768197815,-15.827222487,3.142814401
8.618000,0.800000,121.212121,3.150340032,-2.761515467,-16.136979469,3.150340032
8.619000,0.800000,121.212121,3.144353595,-2.755672848,-16.156483829,3.144353595
8.620000,0.800000,121.212121,3.145402621,-2.750564434,-16.173537198,3.145402621
8.621000,0.800000,121.212121,3.158886193,-2.746097962,-16.314111284,3.158886193
8.622000,0.800000,121.212121,3.175489457,-2.738778307,-16.128348210,3.175489457
8.623000,0.800000,121.212121,3.188526701,-2.572003250,-16.348479166,3.188526701
8.624000,0.800000,121.212121,3.177741585,-2.527143585,-16.404237543,3.177741585
8.625000,0.800000,121.212121,3.168311767,-2.425089299,-16.327325409,3.168311767
8.626000,0.800000,121.212121,3.172633306,-2.335859533,-16.322910193,3.172633306
8.627000,0.800000,121.212121,3.188978154,-2.446338269,-16.256217955,3.188978154
8.628000,0.800000,121.212121,3.197704108,-2.627390849,-16.201858870,3.197704108
8.629000,0.800000,121.212121,3.198332096,-2.701234680,-16.276042096,3.198332096
8.630000,0.800000,121.212121,3.198881168,-2.702967168,-16.278071331,3.198881168
8.631000,0.800000,121.212121,3.199361242,-2.704481945,-16.217013711,3.199361242
8.632000,0.800000,121.212121,3.193497803,-2.705806370,-16.289292524,3.193497803
8.633000,0.800000,121.212121,3.203527922,-2.653040667,-16.282079355,3.203527922
8.634000,0.800000,121.212121,3.203424068,-2.723661247,-16.346181778,3.203424068
8.635000,0.800000,121.212121,3.197050079,-2.659743676,-16.402228853,3.197050079
8.636000,0.800000,121.212121,3.197760255,-2.541026371,-16.451232845,3.197760255
8.637000,0.800000,121.212121,3.192098002,-2.437227523,-16.305583255,3.192098002
8.638000,0.800000,121.212121,3.194595502,-2.808921571,-16.239596862,3.194595502
8.639000,0.800000,121.212121,3.189330944,-2.859953579,-16.371869646,3.189330944
8.640000,0.800000,121.212121,3.191011134,-2.841740861,-16.299024982,3.191011134
8.641000,0.800000,121.212121,3.205046557,-2.825816822,-16.109670543,3.205046557
8.642000,0.800000,121.212121,3.204751865,-2.937557562,-16.006942937,3.204751865
8.643000,0.800000,121.212121,3.204268925,-2.885142270,-16.184001295,3.204268925
8.644000,0.800000,121.212121,3.204071953,-2.926596102,-16.197596718,3.204071953
8.645000,0.800000,121.212121,3.197616549,-2.774345132,-16.335147396,3.197616549
8.646000,0.800000,121.212121,3.185689169,-2.578394731,-16.204085533,3.185689169
8.647000,0.800000,121.212121,3.201627360,-2.796404514,-16.255003825,3.201627360
8.648000,0.800000,121.212121,3.189195967,-2.786177608,-16.385340512,3.189195967
8.649000,0.800000,121.212121,3.190893119,-2.651572146,-16.562130462,3.190893119
8.650000,0.800000,121.212121,3.198660186,-2.848040972,-16.653872478,3.198660186
8.651000,0.800000,121.212121,3.199168030,-2.894157090,-16.608422147,3.199168030
8.652000,0.800000,121.212121,3.200000284,-2.977627880,-16.431961476,3.200000284
8.653000,0.800000,121.212121,3.200339726,-3.007459627,-16.351565450,3.200339726
8.654000,0.800000,121.212121,3.206919697,-2.845047047,-16.155608581,3.206919697
8.655000,0.800000,121.212121,3.206389620,-2.640211981,-15.921444525,3.206389620
8.656000,0.800000,121.212121,3.199642969,-2.649612807,-15.779538245,3.199642969
8.657000,0.800000,121.212121,3.189376124,-2.719955054,-15.735477758,3.189376124
8.658000,0.800000,121.212121,3.184767452,-2.782166923,-15.805436310,3.184767452
8.659000,0.800000,121.212121,3.187021108,-3.025056578,-15.803771759,3.187021108
8.660000,0.800000,121.212121,3.188991561,-3.048928259,-15.613820822,3.188991561
8.661000,0.800000,121.212121,3.196997585,-2.881304577,-15.510571677,3.196997585
8.662000,0.800000,121.212121,3.221894662,-2.904970744,-15.521966828,3.221894662
8.663000,0.800000,121.212121,3.225765960,-2.881101003,-15.555924102,3.225765960
8.664000,0.800000,121.212121,3.195990270,-2.967646972,-15.376037246,3.195990270
8.665000,0.800000,121.212121,3.196833625,-2.935901104,-15.365500720,3.196833625
8.666000,0.800000,121.212121,3.197571001,-2.845312686,-15.293456399,3.197571001
8.667000,0.800000,121.212121,3.198215716,-2.891771651,-15.293297287,3.198215716
8.668000,0.800000,121.212121,3.205062598,-2.869560557,-15.104662611,3.205062598
8.669000,0.800000,121.212121,3.210789654,-2.778224841,-14.921191763,3.210789654
8.670000,0.800000,121.212121,3.216056449,-2.895946166,-14.904980953,3.216056449
8.671000,0.800000,121.212121,3.201811843,-3.124537899,-14.765143546,3.201811843
8.672000,0.800000,121.212121,3.220081371,-2.973145829,-14.661641676,3.220081371
8.673000,0.800000,121.212121,3.215198211,-2.967284387,-14.684494883,3.215198211
8.674000,0.800000,121.212121,3.194778269,-2.872752229,-14.698028280,3.194778269
8.675000,0.800000,121.212121,3.176924373,-2.790099333,-14.772692872,3.176924373
8.676000,0.800000,121.212121,3.161314063,-2.780664760,-14.586647424,3.161314063
8.677000,0.800000,121.212121,3.166514959,-2.960911329,-14.549644841,3.166514959
8.678000,0.800000,121.212121,3.163261386,-2.895099699,-14.677500560,3.163261386
8.679000,0.800000,121.212121,3.168217574,-2.683974831,-14.817576595,3.168217574
8.680000,0.800000,121.212121,3.178834134,-2.499380696,-14.751554597,3.178834134
8.681000,0.800000,121.212121,3.188116578,-2.526478904,-14.693829169,3.188116578
8.682000,0.800000,121.212121,3.196232556,-2.675835557,-14.517694025,3.196232556
8.683000,0.800000,121.212121,3.196966652,-2.740001400,-14.221148024,3.196966652
8.684000,0.800000,121.212121,3.197687311,-2.862526025,-14.104411745,3.197687311
8.685000,0.800000,121.212121,3.192034224,-3.032485604,-14.128008686,3.192034224
8.686000,0.800000,121.212121,3.174525155,-3.181087432,-14.148640347,3.174525155
8.687000,0.800000,121.212121,3.159216340,-3.248183551,-14.166679357,3.159216340
8.688000,0.800000,121.212121,3.182025028,-3.122604642,-14.070577986,3.182025028
8.689000,0.800000,121.212121,3.190906492,-3.008554366,-13.972762896,3.190906492
8.690000,0.800000,121.212121,3.192388693,-2.971667923,-14.012903319,3.192388693
8.691000,0.800000,121.212121,3.193684636,-2.939416767,-13.985167694,3.193684636
8.692000,0.800000,121.212121,3.194817726,-2.911218411,-14.023749284,3.194817726
8.693000,0.800000,121.212121,3.209241004,-2.927838792,-14.275472362,3.209241004
8.694000,0.800000,121.212121,3.220985593,-3.089590927,-14.277573191,3.220985593
8.695000,0.800000,121.212121,3.224971129,-3.231016688,-14.279410023,3.224971129
8.696000,0.800000,121.212121,3.228455827,-3.229006659,-14.218184178,3.228455827
8.697000,0.800000,121.212121,3.236495719,-3.356936310,-14.415428882,3.236495719
8.698000,0.800000,121.212121,3.238532194,-3.339102754,-14.399942257,3.238532194
8.699000,0.800000,121.212121,3.259929558,-3.364813288,-14.264690431,3.259929558
8.700000,0.800000,121.212121,3.271587622,-3.345989881,-14.268146158,3.271587622
8.701000,0.800000,121.212121,3.275497504,-3.329531894,-14.271167625,3.275497504
8.702000,0.800000,121.212121,3.278916056,-3.315142079,-14.148145698,3.278916056
8.703000,0.800000,121.212121,3.275621835,-3.302560541,-14.354742427,3.275621835
8.704000,0.800000,121.212121,3.270223264,-3.281941913,-14.504817639,3.270223264
8.705000,0.800000,121.212121,3.255455041,-3.462027990,-14.415266237,3.255455041
8.706000,0.800000,121.212121,3.229976276,-3.619483784,-14.462631903,3.229976276
8.707000,0.800000,121.212121,3.239115195,-3.757153098,-14.504045424,3.239115195
8.708000,0.800000,121.212121,3.247105682,-3.877522377,-14.477422915,3.247105682
8.709000,0.800000,121.212121,3.241350940,-3.532983953,-14.622289501,3.241350940
8.710000,0.800000,121.212121,3.236494105,-3.430195745,-14.706471709,3.236494105
8.711000,0.800000,121.212121,3.244813969,-3.403156137,-14.780075269,3.244813969
8.712000,0.800000,121.212121,3.245805142,-3.379514426,-14.718765827,3.245805142
8.713000,0.800000,121.212121,3.240388576,-3.358843620,-14.727992610,3.240388576
8.714000,0.800000,121.212121,3.220524672,-3.623336197,-14.507577418,3.220524672
8.715000,0.800000,121.212121,3.230851313,-3.823353256,-14.480511066,3.230851313
8.716000,0.800000,121.212121,3.233597086,-3.746908018,-14.394014119,3.233597086
8.717000,0.800000,121.212121,3.229714629,-3.617237319,-14.255554846,3.229714629
8.718000,0.800000,121.212121,3.220036871,-3.566693374,-14.260158584,3.220036871
8.719000,0.800000,121.212121,3.204176958,-3.483861943,-14.322639361,3.204176958
8.720000,0.800000,121.212121,3.197708359,-3.512910295,-14.507308569,3.197708359
8.721000,0.800000,121.212121,3.199673986,-3.434851035,-14.511576616,3.199673986
8.722000,0.800000,121.212121,3.200054432,-3.344394573,-14.735335122,3.200054432
8.723000,0.800000,121.212121,3.206961092,-3.313922523,-14.568126674,3.206961092
8.724000,0.800000,121.212121,3.212708998,-3.427157945,-14.533451478,3.212708998
8.725000,0.800000,121.212121,3.198885045,-3.463331931,-14.691629255,3.198885045
8.726000,0.800000,121.212121,3.180515076,-3.432128307,-14.704266120,3.180515076
8.727000,0.800000,121.212121,3.170736731,-3.467677699,-14.589651283,3.170736731
8.728000,0.800000,121.212121,3.148428791,-3.408168029,-14.519588483,3.148428791
8.729000,0.800000,121.212121,3.148965712,-3.383896506,-14.428180923,3.148965712
8.730000,0.800000,121.212121,3.149435162,-3.237011325,-14.411091829,3.149435162
8.731000,0.800000,121.212121,3.162411990,-3.171416134,-14.396150213,3.162411990
8.732000,0.800000,121.212121,3.173758101,-3.114063878,-14.571581776,3.173758101
8.733000,0.800000,121.212121,3.198635297,-3.082906840,-14.560711166,3.198635297
8.734000,0.800000,121.212121,3.205429454,-3.036676989,-14.464135977,3.205429454
8.735000,0.800000,121.212121,3.192520275,-2.996256554,-14.442528637,3.192520275
8.736000,0.800000,121.212121,3.187516497,-2.898083646,-14.360804703,3.187516497
8.737000,0.800000,121.212121,3.216105463,-2.789347253,-14.677549149,3.216105463
8.738000,0.800000,121.212121,3.226987439,-2.780007188,-14.817619078,3.226987439
8.739000,0.800000,121.212121,3.220477651,-2.717660202,-14.748797815,3.220477651
8.740000,0.800000,121.212121,3.205677460,-2.717328598,-14.754250667,3.205677460
8.741000,0.800000,121.212121,3.192737116,-2.591374958,-14.633354587,3.192737116
8.742000,0.800000,121.212121,3.193989275,-2.481249120,-14.590482609,3.193989275
8.743000,0.800000,121.212121,3.195084082,-2.384962103,-14.552998084,3.195084082
8.744000,0.800000,121.212121,3.214148672,-2.643302835,-14.499464117,3.214148672
8.745000,0.800000,121.212121,3.231559731,-2.652315254,-14.599081018,3.231559731
8.746000,0.800000,121.212121,3.240499667,-2.723026991,-14.623347838,3.240499667
8.747000,0.800000,121.212121,3.235749806,-2.847684683,-14.518901492,3.235749806
8.748000,0.800000,121.212121,3.225313645,-2.768181867,-14.364748409,3.225313645
8.749000,0.800000,121.212121,3.219987664,-2.582956464,-14.591090071,3.219987664
8.750000,0.800000,121.212121,3.230381789,-2.411056672,-14.679192916,3.230381789
8.751000,0.800000,121.212121,3.245752934,-2.323590298,-14.693392577,3.245752934
8.752000,0.800000,121.212121,3.265475669,-2.435610832,-14.768639709,3.265475669
8.753000,0.800000,121.212121,3.263870417,-2.407890744,-14.960094714,3.263870417
8.754000,0.800000,121.212121,3.260450161,-2.417399226,-14.975483326,3.260450161
8.755000,0.800000,121.212121,3.253193247,-2.454799529,-15.015281889,3.253193247
8.756000,0.800000,121.212121,3.259414634,-2.613163678,-14.924415512,3.259414634
8.757000,0.800000,121.212121,3.277420590,-2.563131641,-14.844967740,3.277420590
8.758000,0.800000,121.212121,3.274314295,-2.582218669,-14.838335522,3.274314295
8.759000,0.800000,121.212121,3.280210931,-2.684226031,-14.937338982,3.280210931
8.760000,0.800000,121.212121,3.264187620,-2.750927742,-14.919099052,3.264187620
8.761000,0.800000,121.212121,3.273635518,-2.511380780,-14.877015907,3.273635518
8.762000,0.800000,121.212121,3.277288054,-2.662634719,-14.866356398,3.277288054
8.763000,0.800000,121.212121,3.280481599,-2.669217821,-14.919868256,3.280481599
8.764000,0.800000,121.212121,3.270707460,-2.674973666,-14.903823762,3.270707460
8.765000,0.800000,121.212121,3.254689600,-2.794278686,-14.587057827,3.254689600
8.766000,0.800000,121.212121,3.260722950,-2.721487066,-14.675667378,3.260722950
8.767000,0.800000,121.212121,3.272281313,-2.657842711,-14.815973777,3.272281313
8.768000,0.800000,121.212121,3.276104023,-2.602196141,-14.938648755,3.276104023
8.769000,0.800000,121.212121,3.279446358,-2.553542326,-15.108739793,3.279446358
8.770000,0.800000,121.212121,3.266863789,-2.701448803,-14.979244792,3.266863789
8.771000,0.800000,121.212121,3.258800915,-2.640322531,-15.018570675,3.258800915
8.772000,0.800000,121.212121,3.251751251,-2.712541318,-14.990122870,3.251751251
8.773000,0.800000,121.212121,3.245587475,-2.775684825,-14.965249921,3.245587475
8.774000,0.800000,121.212121,3.252764632,-2.642397926,-15.006334452,3.252764632
8.775000,0.800000,121.212121,3.251960188,-2.895039412,-15.183536131,3.251960188
8.776000,0.800000,121.212121,3.245770156,-2.935249532,-15.134358154,3.245770156
8.777000,0.800000,121.212121,3.246641171,-2.719079288,-15.091360065,3.246641171
8.778000,0.800000,121.212121,3.241119546,-2.592905650,-15.179428981,3.241119546
8.779000,0.800000,121.212121,3.248858160,-2.671083018,-15.256430831,3.248858160
8.780000,0.800000,121.212121,3.255257017,-2.618600233,-15.249062091,3.255257017
8.781000,0.800000,121.212121,3.248652693,-2.630716872,-15.254481733,3.248652693
8.782000,0.800000,121.212121,3.249161478,-2.515647183,-15.322052176,3.249161478
8.783000,0.800000,121.212121,3.249606327,-2.540701284,-15.318299613,3.249606327
8.784000,0.800000,121.212121,3.243712090,-2.562606993,-15.126523052,3.243712090
8.785000,0.800000,121.212121,3.263273054,-2.329579088,-15.188362006,3.263273054
8.786000,0.800000,121.212121,3.261944590,-2.126687783,-15.389905005,3.261944590
8.787000,0.800000,121.212121,3.267066252,-1.949292551,-15.314793951,3.267066252
8.788000,0.800000,121.212121,3.277827492,-1.919853168,-15.249121631,3.277827492
8.789000,0.800000,121.212121,3.284475780,-2.169975797,-15.377033861,3.284475780
8.790000,0.800000,121.212121,3.274199718,-2.301300098,-15.303540243,3.274199718
8.791000,0.800000,121.212121,3.277781354,-2.290457995,-15.239282105,3.277781354
8.792000,0.800000,121.212121,3.274629724,-2.469473910,-15.183098883,3.274629724
8.793000,0.800000,121.212121,3.259307769,-2.563162168,-15.322471413,3.259307769
8.794000,0.800000,121.212121,3.264034934,-2.536098633,-15.425211442,3.264034934
8.795000,0.800000,121.212121,3.262610730,-2.495750876,-15.282831797,3.262610730
8.796000,0.800000,121.212121,3.255082311,-2.397641514,-15.158344107,3.255082311
8.797000,0.800000,121.212121,3.254783126,-2.437524644,-15.049500000,3.254783126
8.798000,0.800000,121.212121,3.260804724,-2.598059619,-15.205661060,3.260804724
8.799000,0.800000,121.212121,3.246329746,-2.735480669,-15.226041799,3.246329746
8.800000,0.800000,121.212121,3.240847256,-2.544414120,-15.360017962,3.240847256
8.801000,0.800000,121.212121,3.248620087,-2.565853260,-15.351494478,3.248620087
8.802000,0.800000,121.212121,3.249132969,-2.584598279,-15.281210233,3.249132969
8.803000,0.800000,121.212121,3.255864587,-2.475324024,-15.282590021,3.255864587
8.804000,0.800000,121.212121,3.254329992,-2.649549414,-15.292746900,3.254329992
8.805000,0.800000,121.212121,3.247842161,-2.846272423,-15.418340653,3.247842161
8.806000,0.800000,121.212121,3.242169615,-2.955442637,-15.465319976,3.242169615
8.807000,0.800000,121.212121,3.243493088,-3.050894117,-15.569227557,3.243493088
8.808000,0.800000,121.212121,3.244650248,-3.071518957,-15.660077726,3.244650248
8.809000,0.800000,121.212121,3.258228366,-3.215215710,-15.739511326,3.258228366
8.810000,0.800000,121.212121,3.268703387,-3.207274255,-15.924623299,3.268703387
8.811000,0.800000,121.212121,3.272975713,-3.208247787,-15.845149416,3.272975713
8.812000,0.800000,121.212121,3.257861606,-3.334762688,-15.838494368,3.257861606
8.813000,0.800000,121.212121,3.250929980,-3.256883699,-15.895507472,3.250929980
8.814000,0.800000,121.212121,3.245853614,-3.129255591,-16.216580922,3.245853614
8.815000,0.800000,121.212121,3.252997327,-3.140033238,-16.288914121,3.252997327
8.816000,0.800000,121.212121,3.246676964,-3.275120233,-16.226493956,3.246676964
8.817000,0.800000,121.212121,3.241150842,-3.330399841,-16.234749593,3.241150842
8.818000,0.800000,121.212121,3.242602337,-3.378732809,-16.179135944,3.242602337
8.819000,0.800000,121.212121,3.245770617,-3.112532505,-16.323532326,3.245770617
8.820000,0.800000,121.212121,3.252924760,-3.188243490,-16.193930056,3.252924760
8.821000,0.800000,121.212121,3.252896701,-3.191608499,-16.143445941,3.252896701
8.822000,0.800000,121.212121,3.252872168,-3.320214355,-16.162137699,3.252872168
8.823000,0.800000,121.212121,3.271700275,-3.432659122,-16.115648729,3.271700275
8.824000,0.800000,121.212121,3.278212607,-3.444229442,-15.866758402,3.278212607
8.825000,0.800000,121.212121,3.268723598,-3.352594455,-15.794556036,3.268723598
8.826000,0.800000,121.212121,3.266710199,-3.523802072,-15.668595034,3.266710199
8.827000,0.800000,121.212121,3.258666626,-3.610663252,-15.809790170,3.258666626
8.828000,0.800000,121.212121,3.264200208,-3.498113575,-16.058905909,3.264200208
8.829000,0.800000,121.212121,3.274058213,-3.423539476,-15.815484877,3.274058213
8.830000,0.800000,121.212121,3.290224002,-3.334504466,-15.938221292,3.290224002
8.831000,0.800000,121.212121,3.285508783,-3.256657926,-16.108366047,3.285508783
8.832000,0.800000,121.212121,3.287669280,-3.314257576,-16.194297928,3.287669280
8.833000,0.800000,121.212121,3.276991911,-3.050459776,-16.269431291,3.276991911
8.834000,0.800000,121.212121,3.252357098,-3.049100267,-16.103281794,3.252357098
8.835000,0.800000,121.212121,3.246944594,-2.781917088,-16.037904201,3.246944594
8.836000,0.800000,121.212121,3.247668025,-2.522183314,-16.069858726,3.247668025
8.837000,0.800000,121.212121,3.242017362,-2.357920501,-16.160629580,3.242017362
8.838000,0.800000,121.212121,3.243359968,-2.402795121,-16.114330126,3.243359968
8.839000,0.800000,121.212121,3.257100227,-2.504862483,-16.011016980,3.257100227
8.840000,0.800000,121.212121,3.280407335,-2.546466795,-15.723939347,3.280407335
8.841000,0.800000,121.212121,3.283208900,-2.504816136,-15.669684153,3.283208900
8.842000,0.800000,121.212121,3.279375224,-2.468399453,-15.559415015,3.279375224
8.843000,0.800000,121.212121,3.288589673,-2.499390878,-15.400170852,3.288589673
8.844000,0.800000,121.212121,3.296646199,-2.463655954,-15.386601607,3.296646199
8.845000,0.800000,121.212121,3.292578818,-2.350157380,-15.419300494,3.292578818
8.846000,0.800000,121.212121,3.287567684,-2.333175690,-15.466159201,3.287567684
8.847000,0.800000,121.212121,3.276903082,-2.381159834,-15.318633909,3.276903082
8.848000,0.800000,121.212121,3.273861818,-2.548777820,-15.252479045,3.273861818
8.849000,0.800000,121.212121,3.277485917,-2.695332308,-15.445964859,3.277485917
8.850000,0.800000,121.212121,3.277141905,-2.747010280,-15.637385753,3.277141905
8.851000,0.800000,121.212121,3.280353815,-2.680158584,-15.719670911,3.280353815
8.852000,0.800000,121.212121,3.289445290,-2.747371425,-15.917279516,3.289445290
8.853000,0.800000,121.212121,3.303677482,-2.743306199,-16.090055892,3.303677482
8.854000,0.800000,121.212121,3.316121205,-2.676919971,-16.178288695,3.316121205
8.855000,0.800000,121.212121,3.330230794,-2.623062373,-16.440652658,3.330230794
8.856000,0.800000,121.212121,3.339337729,-2.571786430,-16.547660025,3.339337729
8.857000,0.800000,121.212121,3.328450696,-2.589785865,-16.578388597,3.328450696
8.858000,0.800000,121.212121,3.325214954,-2.479859718,-16.730919409,3.325214954
8.859000,0.800000,121.212121,3.339823141,-2.130172866,-17.067046952,3.339823141
8.860000,0.800000,121.212121,3.347724665,-1.952339686,-17.032507438,3.347724665
8.861000,0.800000,121.212121,3.359884118,-1.951378840,-16.795304198,3.359884118
8.862000,0.800000,121.212121,3.358981520,-1.984509139,-16.732081032,3.358981520
8.863000,0.800000,121.212121,3.364475532,-2.013476162,-16.802466430,3.364475532
8.864000,0.800000,121.212121,3.369279146,-2.164466787,-16.926838791,3.369279146
8.865000,0.800000,121.212121,3.373479120,-2.170819665,-16.784254647,3.373479120
8.866000,0.800000,121.212121,3.367795668,-2.244062615,-16.848955616,3.367795668
8.867000,0.800000,121.212121,3.372182061,-2.428908745,-16.904654121,3.372182061
8.868000,0.800000,121.212121,3.382300429,-2.527694573,-16.953353345,3.382300429
8.869000,0.800000,121.212121,3.391147286,-2.676898460,-16.995932843,3.391147286
8.870000,0.800000,121.212121,3.392599228,-2.681689127,-17.158825351,3.392599228
8.871000,0.800000,121.212121,3.376129116,-2.823099464,-17.425773632,3.376129116
8.872000,0.800000,121.212121,3.360618741,-2.809517972,-17.597482606,3.360618741
8.873000,0.800000,121.212121,3.353340643,-2.671979474,-17.621950288,3.353340643
8.874000,0.800000,121.212121,3.340693952,-2.740220132,-17.517679564,3.340693952
8.875000,0.800000,121.212121,3.335919677,-2.674221711,-17.300848179,3.335919677
8.876000,0.800000,121.212121,3.339872396,-2.519022995,-17.361640774,3.339872396
8.877000,0.800000,121.212121,3.341484546,-2.543652879,-17.352913361,3.341484546
8.878000,0.800000,121.212121,3.349620154,-2.521184485,-17.582042604,3.349620154
8.879000,0.800000,121.212121,3.356290550,-2.419879042,-17.419954974,3.356290550
8.880000,0.800000,121.212121,3.362122719,-2.394135869,-17.403899583,3.362122719
8.881000,0.800000,121.212121,3.367221996,-2.308795825,-17.515525478,3.367221996
8.882000,0.800000,121.212121,3.371680479,-2.297011781,-17.550292196,3.371680479
8.883000,0.800000,121.212121,3.386770354,-2.767225777,-17.788410954,3.386770354
8.884000,0.800000,121.212121,3.385029091,-3.045401975,-17.797196793,3.385029091
8.885000,0.800000,121.212121,3.387249868,-3.066716978,-17.922231356,3.387249868
8.886000,0.800000,121.212121,3.395474760,-3.211017165,-17.905889906,3.395474760
8.887000,0.800000,121.212121,3.421515637,-3.274352203,-17.954433837,3.421515637
8.888000,0.800000,121.212121,3.431717751,-3.329728325,-17.996877557,3.431717751
8.889000,0.800000,121.212121,3.437449743,-3.302710705,-17.948666314,3.437449743
8.890000,0.800000,121.212121,3.433083147,-3.354523192,-18.180330361,3.433083147
8.891000,0.800000,121.212121,3.429265274,-3.399824731,-18.382882646,3.429265274
8.892000,0.800000,121.212121,3.438493539,-3.313769804,-18.559981461,3.438493539
8.893000,0.800000,121.212121,3.440278961,-3.175697005,-18.526329822,3.440278961
8.894000,0.800000,121.212121,3.467548084,-3.122127460,-18.408349656,3.467548084
8.895000,0.800000,121.212121,3.465682404,-3.196632707,-18.330920779,3.465682404
8.896000,0.800000,121.212121,3.470334358,-3.261775349,-18.200390048,3.470334358
8.897000,0.800000,121.212121,3.461835360,-3.130236366,-18.086262293,3.461835360
8.898000,0.800000,121.212121,3.466970747,-3.078058912,-17.923644402,3.466970747
8.899000,0.800000,121.212121,3.463609820,-3.283022703,-17.955514059,3.463609820
8.900000,0.800000,121.212121,3.468522222,-3.148813699,-18.123485741,3.468522222
8.901000,0.800000,121.212121,3.472817314,-2.968638042,-18.081853919,3.472817314
8.902000,0.800000,121.212121,3.470289483,-2.873935779,-18.045453707,3.470289483
8.903000,0.800000,121.212121,3.461796124,-2.916797860,-18.139291386,3.461796124
8.904000,0.800000,121.212121,3.442383587,-3.034080735,-18.230240745,3.442383587
8.905000,0.800000,121.212121,3.437396986,-2.993986554,-18.112361840,3.437396986
8.906000,0.800000,121.212121,3.445603390,-3.084594463,-18.009296036,3.445603390
8.907000,0.800000,121.212121,3.440212177,-3.100984393,-18.044845569,3.440212177
8.908000,0.800000,121.212121,3.435498443,-3.240978409,-18.013095963,3.435498443
8.909000,0.800000,121.212121,3.435498443,-3.240978409,-18.013095963,3.435498443
8.910000,0.800000,121.212121,3.446696610,-3.288299392,-17.855308807,3.446696610
8.911000,0.800000,121.212121,3.441168019,-3.341922859,-17.847377093,3.441168019
8.912000,0.800000,121.212121,3.442617356,-3.263144096,-17.840442107,3.442617356
8.913000,0.800000,121.212121,3.437601379,-3.382760523,-17.771546744,3.437601379
8.914000,0.800000,121.212121,3.460007552,-3.515956101,-17.713577176,3.460007552
8.915000,0.800000,121.212121,3.452806258,-3.415307676,-17.660624131,3.452806258
8.916000,0.800000,121.212121,3.440226720,-3.264475252,-17.551493509,3.440226720
8.917000,0.800000,121.212121,3.441794344,-3.383924401,-17.518908498,3.441794344
8.918000,0.800000,121.212121,3.443164975,-3.488363128,-17.490418240,3.443164975
8.919000,0.800000,121.212121,3.450904782,-3.659517339,-17.561496421,3.450904782
8.920000,0.800000,121.212121,3.444847376,-3.666492183,-17.527654407,3.444847376
8.921000,0.800000,121.212121,3.445834351,-3.672590542,-17.372401400,3.445834351
8.922000,0.800000,121.212121,3.440414114,-3.677922558,-17.362321767,3.440414114
8.923000,0.800000,121.212121,3.435675004,-3.808248240,-17.353508778,3.435675004
8.924000,0.800000,121.212121,3.445178969,-3.880370926,-17.401897903,3.445178969
8.925000,0.800000,121.212121,3.439841090,-3.733928783,-17.513775337,3.439841090
8.926000,0.800000,121.212121,3.428890803,-3.731552809,-17.611593837,3.428890803
8.927000,0.800000,121.212121,3.425599755,-3.478147996,-17.508624543,3.425599755
8.928000,0.800000,121.212121,3.429005458,-3.319418825,-17.481426605,3.429005458
8.929000,0.800000,121.212121,3.429882676,-3.420493170,-17.680286347,3.429882676
8.930000,0.800000,121.212121,3.439033356,-3.457504676,-17.757180457,3.439033356
8.931000,0.800000,121.212121,3.434467758,-3.364201474,-17.698748062,3.434467758
8.932000,0.800000,121.212121,3.443042260,-3.345454950,-17.773322204,3.443042260
8.933000,0.800000,121.212121,3.437972887,-3.329064185,-17.901356936,3.437972887
8.934000,0.800000,121.212121,3.437972887,-3.329064185,-17.901356936,3.437972887
8.935000,0.800000,121.212121,3.432560023,-3.449152455,-17.865157102,3.432560023
8.936000,0.800000,121.212121,3.416241517,-3.419730677,-17.730324108,3.416241517
8.937000,0.800000,121.212121,3.414540025,-3.519669854,-17.612434728,3.414540025
8.938000,0.800000,121.212121,3.431901905,-3.544218451,-17.572191618,3.431901905
8.939000,0.800000,121.212121,3.442294571,-3.411744505,-17.569073052,3.442294571
8.940000,0.800000,121.212121,3.437319156,-3.449855402,-17.659942636,3.437319156
8.941000,0.800000,121.212121,3.432968970,-3.483177141,-17.865056918,3.432968970
8.942000,0.800000,121.212121,3.435448630,-3.449479695,-17.855900220,3.435448630
8.943000,0.800000,121.212121,3.437616686,-3.357184941,-17.785062334,3.437616686
8.944000,0.800000,121.212121,3.429392896,-3.143100423,-17.661077504,3.429392896
8.945000,0.800000,121.212121,3.432321939,-3.089306424,-17.677553615,3.432321939
8.946000,0.800000,121.212121,3.434882907,-2.979440525,-17.629127424,3.434882907
8.947000,0.800000,121.212121,3.443405240,-2.883380782,-17.461122942,3.443405240
8.948000,0.800000,121.212121,3.457139810,-2.862224116,-17.502726084,3.457139810
8.949000,0.800000,121.212121,3.496918446,-2.709784543,-17.814337053,3.496918446
8.950000,0.800000,121.212121,3.497645163,-2.773274477,-17.748722148,3.497645163
8.951000,0.800000,121.212121,3.491997373,-2.828786030,-17.754184509,3.491997373
8.952000,0.800000,121.212121,3.480776120,-2.688826236,-17.884624155,3.480776120
8.953000,0.800000,121.212121,3.477248156,-2.503622456,-17.873008565,3.477248156
8.954000,0.800000,121.212121,3.487947379,-2.671182546,-18.034572810,3.487947379
8.955000,0.800000,121.212121,3.502367804,-2.865187055,-18.004114117,3.502367804
8.956000,0.800000,121.212121,3.514976105,-2.909148533,-18.165978535,3.514976105
8.957000,0.800000,121.212121,3.532283186,-2.821921943,-18.244670618,3.532283186
8.958000,0.800000,121.212121,3.541132209,-2.871320275,-18.250642108,3.541132209
8.959000,0.800000,121.212121,3.521414990,-3.062923069,-18.617723593,3.521414990
8.960000,0.800000,121.212121,3.499736864,-3.035915851,-18.650921091,3.499736864
8.961000,0.800000,121.212121,3.500109408,-2.995591062,-18.731505348,3.500109408
8.962000,0.800000,121.212121,3.506718322,-3.148829196,-18.739131235,3.506718322
8.963000,0.800000,121.212121,3.506213551,-3.345642710,-18.808630678,3.506213551
8.964000,0.800000,121.212121,3.486922654,-3.329228350,-18.869396564,3.486922654
8.965000,0.800000,121.212121,3.479651902,-3.184560469,-18.733443667,3.479651902
8.966000,0.800000,121.212121,3.476265211,-3.062724594,-18.615162272,3.476265211
8.967000,0.800000,121.212121,3.485870476,-3.019030920,-18.637408261,3.485870476
8.968000,0.800000,121.212121,3.500551892,-2.917996101,-18.531195031,3.500551892
8.969000,0.800000,121.212121,3.513388388,-2.829657693,-18.438328949,3.513388388
8.970000,0.800000,121.212121,3.540708025,-2.928320415,-18.458844183,3.540708025
8.971000,0.800000,121.212121,3.548498352,-3.027180174,-18.437901829,3.548498352
8.972000,0.800000,121.212121,3.542743347,-2.987953143,-18.419591170,3.542743347
8.973000,0.800000,121.212121,3.543994722,-3.016487380,-18.466413349,3.543994722
8.974000,0.800000,121.212121,3.526239289,-3.041435898,-18.444519826,3.526239289
8.975000,0.800000,121.212121,3.509708052,-3.137257706,-18.290872693,3.509708052
8.976000,0.800000,121.212121,3.508827580,-3.084197924,-18.291038260,3.508827580
8.977000,0.800000,121.212121,3.526907307,-3.100637685,-18.228351168,3.526907307
8.978000,0.800000,121.212121,3.542715068,-3.115011564,-18.110709715,3.542715068
8.979000,0.800000,121.212121,3.537686812,-3.253242874,-18.070683376,3.537686812
8.980000,0.800000,121.212121,3.518459271,-3.299176505,-18.005088202,3.518459271
8.981000,0.800000,121.212121,3.497629532,-3.225769407,-17.915502801,3.497629532
8.982000,0.800000,121.212121,3.491983706,-3.161586917,-17.837175033,3.491983706
8.983000,0.800000,121.212121,3.491983706,-3.161586917,-17.837175033,3.491983706
8.984000,0.800000,121.212121,3.500341002,-3.093779158,-17.947921715,3.500341002
8.985000,0.800000,121.212121,3.500637628,-2.920519346,-17.928351919,3.500637628
8.986000,0.800000,121.212121,3.500896979,-2.769032004,-17.911241337,3.500896979
8.987000,0.800000,121.212121,3.494249250,-3.054678454,-17.639768781,3.494249250
8.988000,0.800000,121.212121,3.482745017,-3.011995887,-17.658922626,3.482745017
8.989000,0.800000,121.212121,3.485252820,-3.037508823,-17.738501380,3.485252820
8.990000,0.800000,121.212121,3.493728668,-3.122647562,-17.745248120,3.493728668
8.991000,0.800000,121.212121,3.482289854,-3.071423746,-17.813978893,3.482289854
8.992000,0.800000,121.212121,3.482393478,-2.806878266,-17.746015024,3.482393478
8.993000,0.800000,121.212121,3.491228642,-2.795335190,-17.751817572,3.491228642
8.994000,0.800000,121.212121,3.492670361,-2.910906365,-17.756890950,3.492670361
8.995000,0.800000,121.212121,3.487647722,-3.074786291,-17.698494935,3.487647722
8.996000,0.800000,121.212121,3.476973062,-3.218072458,-17.710269033,3.476973062
8.997000,0.800000,121.212121,3.464973044,-3.327226159,-17.611796405,3.464973044
8.998000,0.800000,121.212121,3.457147768,-3.313126091,-17.445969803,3.457147768
8.999000,0.800000,121.212121,3.437739474,-3.237966036,-17.426645292,3.437739474
9.000000,0.800000,121.212121,3.427053284,-3.172250873,-17.409749171,3.427053284
9.001000,0.800000,121.212121,3.423993146,-3.240457426,-17.394976279,3.423993146
9.002000,0.800000,121.212121,3.407201388,-2.881162253,-17.072398561,3.407201388
9.003000,0.800000,121.212121,3.412919098,-2.985948081,-16.974354691,3.412919098
9.004000,0.800000,121.212121,3.417918299,-3.014734281,-16.825799523,3.417918299
9.005000,0.800000,121.212121,3.416006097,-3.102734954,-16.821576055,3.416006097
9.006000,0.800000,121.212121,3.420617374,-3.179677135,-16.817883323,3.420617374
9.007000,0.800000,121.212121,3.434457522,-3.305770002,-16.623336115,3.434457522
9.008000,0.800000,121.212121,3.430466940,-3.357198047,-16.644554949,3.430466940
9.009000,0.800000,121.212121,3.430466940,-3.357198047,-16.644554949,3.430466940
9.010000,0.800000,121.212121,3.398323882,-3.695691111,-16.316837795,3.398323882
9.011000,0.800000,121.212121,3.394650915,-3.818012109,-16.177473015,3.394650915
9.012000,0.800000,121.212121,3.401945763,-3.742238059,-16.129056953,3.401945763
9.013000,0.800000,121.212121,3.402040729,-3.738817911,-16.149556885,3.402040729
9.014000,0.800000,121.212121,3.407689976,-3.905917162,-16.010447987,3.407689976
9.015000,0.800000,121.212121,3.407063103,-3.819096638,-15.983020908,3.407063103
9.016000,0.800000,121.212121,3.400231819,-3.743186302,-15.833376712,3.400231819
9.017000,0.800000,121.212121,3.406825351,-3.613983288,-15.891032919,3.406825351
9.018000,0.800000,121.212121,3.406307129,-3.438184550,-16.067107540,3.406307129
9.019000,0.800000,121.212121,3.411741053,-3.330685410,-16.120122627,3.411741053
9.020000,0.800000,121.212121,3.410605107,-3.190486933,-16.204577133,3.410605107
9.021000,0.800000,121.212121,3.403328722,-3.130738170,-16.215586919,3.403328722
9.022000,0.800000,121.212121,3.396966715,-3.015665804,-16.036717616,3.396966715
9.023000,0.800000,121.212121,3.385120995,-3.166381271,-15.880325692,3.385120995
9.024000,0.800000,121.212121,3.401828203,-3.295605793,-15.741798592,3.401828203
9.025000,0.800000,121.212121,3.408221127,-3.285479257,-15.748130992,3.408221127
9.026000,0.800000,121.212121,3.413810693,-3.339457112,-15.690835786,3.413810693
9.027000,0.800000,121.212121,3.406131482,-3.449483763,-15.703572361,3.406131482
9.028000,0.800000,121.212121,3.405700455,-3.545684058,-15.777540264,3.405700455
9.029000,0.800000,121.212121,3.417560458,-3.530632931,-15.788886543,3.417560458
9.030000,0.800000,121.212121,3.421976409,-3.616635720,-15.789301697,3.421976409
9.031000,0.800000,121.212121,3.406987879,-3.566167374,-15.726832827,3.406987879
9.032000,0.800000,121.212121,3.400166048,-3.459209214,-15.672214028,3.400166048
9.033000,0.800000,121.212121,3.413051030,-3.365691813,-15.624458829,3.413051030
9.034000,0.800000,121.212121,3.433377373,-3.447971518,-15.373493405,3.433377373
9.035000,0.800000,121.212121,3.423239341,-3.544361847,-15.363276547,3.423239341
9.036000,0.800000,121.212121,3.414375292,-3.565807556,-15.480007283,3.414375292
9.037000,0.800000,121.212121,3.419191502,-3.584558318,-15.582069202,3.419191502
9.038000,0.800000,121.212121,3.423402490,-3.538120937,-15.671305643,3.423402490
9.039000,0.800000,121.212121,3.407539421,-3.281419470,-15.636946467,3.407539421
9.040000,0.800000,121.212121,3.400648282,-3.335907493,-15.782118680,3.400648282
9.041000,0.800000,121.212121,3.388339923,-3.446380202,-15.783384309,3.388339923
9.042000,0.800000,121.212121,3.390144649,-3.417306795,-15.784490893,3.390144649
9.043000,0.800000,121.212121,3.385439401,-3.517550567,-15.785458421,3.385439401
9.044000,0.800000,121.212121,3.389505242,-3.571957745,-15.857771541,3.389505242
9.045000,0.800000,121.212121,3.397446715,-3.464271945,-15.786698498,3.397446715
9.046000,0.800000,121.212121,3.398107048,-3.118790930,-15.724556756,3.398107048
9.047000,0.800000,121.212121,3.417533957,-2.942388046,-15.670223976,3.417533957
9.048000,0.800000,121.212121,3.428236423,-3.102311868,-15.748382561,3.428236423
9.049000,0.800000,121.212121,3.422222023,-3.011090998,-15.805741332,3.422222023
9.050000,0.800000,121.212121,3.432335369,-2.785390234,-15.866870304,3.432335369
9.051000,0.800000,121.212121,3.428611464,-2.713715570,-15.857485729,3.428611464
9.052000,0.800000,121.212121,3.406505963,-2.839543369,-15.723616748,3.406505963
9.053000,0.800000,121.212121,3.399744692,-2.949559181,-15.857897652,3.399744692
9.054000,0.800000,121.212121,3.389453887,-3.129853120,-16.023021062,3.389453887
9.055000,0.800000,121.212121,3.378552258,-3.077723826,-16.245341416,3.378552258
9.056000,0.800000,121.212121,3.375303753,-3.032145293,-16.314060465,3.375303753
9.057000,0.800000,121.212121,3.366180282,-3.055126180,-16.374144023,3.366180282
9.058000,0.800000,121.212121,3.358203300,-3.012387350,-16.426677259,3.358203300
9.059000,0.800000,121.212121,3.349834668,-2.887410776,-16.442041202,3.349834668
9.060000,0.800000,121.212121,3.343911737,-2.991411392,-16.234714815,3.343911737
9.061000,0.800000,121.212121,3.345016288,-2.956679199,-16.053441829,3.345016288
9.062000,0.800000,121.212121,3.339698852,-2.863479729,-16.083443838,3.339698852
9.063000,0.800000,121.212121,3.347615995,-2.781992050,-16.172507537,3.347615995
9.064000,0.800000,121.212121,3.318977020,-2.648450021,-15.965161080,3.318977020
9.065000,0.800000,121.212121,3.323214960,-2.782479331,-15.943424922,3.323214960
9.066000,0.800000,121.212121,3.326920345,-2.836834168,-15.861588357,3.326920345
9.067000,0.800000,121.212121,3.323876912,-2.821526721,-15.852867531,3.323876912
9.068000,0.800000,121.212121,3.346348670,-2.933806572,-15.908074450,3.346348670
9.069000,0.800000,121.212121,3.358832218,-2.654634412,-16.108419901,3.358832218
9.070000,0.800000,121.212121,3.351778621,-2.787886568,-16.131513162,3.351778621
9.071000,0.800000,121.212121,3.351894591,-2.841561912,-16.214536291,3.351894591
9.072000,0.800000,121.212121,3.351995987,-2.825660360,-16.161462720,3.351995987
9.073000,0.800000,121.212121,3.339518271,-2.874588909,-16.052226717,3.339518271
9.074000,0.800000,121.212121,3.308082553,-2.719236982,-15.810378876,3.308082553
9.075000,0.800000,121.212121,3.319972717,-2.718707234,-15.682429517,3.319972717
9.076000,0.800000,121.212121,3.311519164,-2.655412203,-15.633390602,3.311519164
9.077000,0.800000,121.212121,3.304127915,-2.474407354,-15.716177805,3.304127915
9.078000,0.800000,121.212121,3.316515034,-2.190484539,-15.725729808,3.316515034
9.079000,0.800000,121.212121,3.323459109,-2.274887070,-15.443015735,3.323459109
9.080000,0.800000,121.212121,3.314567443,-2.330195978,-15.424062443,3.314567443
9.081000,0.800000,121.212121,3.314567443,-2.330195978,-15.424062443,3.314567443
9.082000,0.800000,121.212121,3.316476628,-2.240236356,-15.345961298,3.316476628
9.083000,0.800000,121.212121,3.314745592,-2.237067749,-15.339204226,3.314745592
9.084000,0.800000,121.212121,3.340955990,-2.122002696,-15.336026419,3.340955990
9.085000,0.800000,121.212121,3.336148786,-2.322187328,-15.204854095,3.336148786
9.086000,0.800000,121.212121,3.331945673,-2.497216017,-15.215829078,3.331945673
9.087000,0.800000,121.212121,3.315704368,-2.587418099,-15.351088609,3.315704368
9.088000,0.800000,121.212121,3.314070377,-2.603453200,-15.532182780,3.314070377
9.089000,0.800000,121.212121,3.304319837,-2.637627212,-15.522696370,3.304319837
9.090000,0.800000,121.212121,3.297833283,-2.773016556,-15.493730114,3.297833283
9.091000,0.800000,121.212121,3.279595482,-2.765728668,-15.279908306,3.279595482
9.092000,0.800000,121.212121,3.282499067,-2.633692896,-15.030124286,3.282499067
9.093000,0.800000,121.212121,3.297604147,-2.518249229,-15.063056464,3.297604147
9.094000,0.800000,121.212121,3.309791986,-2.980732084,-15.062089556,3.309791986
9.095000,0.800000,121.212121,3.296334596,-3.073005599,-15.091004859,3.296334596
9.096000,0.800000,121.212121,3.290851496,-2.965188122,-15.116286559,3.290851496
9.097000,0.800000,121.212121,3.279774238,-2.870919389,-15.264054972,3.279774238
9.098000,0.800000,121.212121,3.276372174,-2.914160521,-15.456086112,3.276372174
9.099000,0.800000,121.212121,3.288067291,-2.851464708,-15.291819018,3.288067291
9.100000,0.800000,121.212121,3.283623092,-2.708655028,-15.229033813,3.283623092
9.101000,0.800000,121.212121,3.279737367,-2.772286901,-15.299802136,3.279737367
9.102000,0.800000,121.212121,3.270056751,-2.765090703,-15.298845596,3.270056751
9.103000,0.800000,121.212121,3.261592638,-2.695966953,-15.109513699,3.261592638
9.104000,0.800000,121.212121,3.247721647,-2.873159150,-14.924900245,3.247721647
9.105000,0.800000,121.212121,3.242064245,-2.853286972,-14.908223413,3.242064245
9.106000,0.800000,121.212121,3.243400959,-2.835912005,-15.019305959,3.243400959
9.107000,0.800000,121.212121,3.243400959,-2.835912005,-15.019305959,3.243400959
9.108000,0.800000,121.212121,3.227531579,-2.618942347,-15.028643872,3.227531579
9.109000,0.800000,121.212121,3.227966380,-2.633676739,-14.902222980,3.227966380
9.110000,0.800000,121.212121,3.224791498,-2.581066955,-14.762732150,3.224791498
9.111000,0.800000,121.212121,3.240865140,-2.535068312,-14.829265815,3.240865140
9.112000,0.800000,121.212121,3.248635724,-2.494850028,-15.013102319,3.248635724
9.113000,0.800000,121.212121,3.255429826,-2.459685723,-15.236669099,3.255429826
9.114000,0.800000,121.212121,3.254787202,-2.708322034,-15.367514350,3.254787202
9.115000,0.800000,121.212121,3.254525102,-2.709163898,-15.483712548,3.254525102
9.116000,0.800000,121.212121,3.248012753,-2.521404412,-15.522476997,3.248012753
9.117000,0.800000,121.212121,3.242318770,-2.545735038,-15.556370161,3.242318770
9.118000,0.800000,121.212121,3.231057129,-2.629840040,-15.586004185,3.231057129
9.119000,0.800000,121.212121,3.236944721,-2.830503192,-15.524696092,3.236944721
9.120000,0.800000,121.212121,3.245207959,-3.004486879,-15.432646691,3.245207959
9.121000,0.800000,121.212121,3.246149622,-2.905279719,-15.414996411,3.246149622
9.122000,0.800000,121.212121,3.253256138,-2.818539298,-15.462395985,3.253256138
9.123000,0.800000,121.212121,3.246903251,-2.805530853,-15.252511740,3.246903251
9.124000,0.800000,121.212121,3.249058511,-2.839148779,-15.144089432,3.249058511
9.125000,0.800000,121.212121,3.262082670,-2.697886764,-15.099868474,3.262082670
9.126000,0.800000,121.212121,3.258971853,-2.670335107,-15.012641098,3.258971853
9.127000,0.800000,121.212121,3.258183894,-2.864446109,-15.047770278,3.258183894
9.128000,0.800000,121.212121,3.257494953,-2.845668844,-15.015653142,3.257494953
9.129000,0.800000,121.212121,3.269458958,-2.829251199,-14.861908258,3.269458958
9.130000,0.800000,121.212121,3.271005584,-2.920113982,-14.735614811,3.271005584
9.131000,0.800000,121.212121,3.262422237,-3.020004992,-14.868387994,3.262422237
9.132000,0.800000,121.212121,3.242072660,-2.822506652,-14.661945115,3.242072660
9.133000,0.800000,121.212121,3.230841945,-2.746167802,-14.489816640,3.230841945
9.134000,0.800000,121.212121,3.225003419,-2.738831697,-14.427477130,3.225003419
9.135000,0.800000,121.212121,3.222200874,-2.735839604,-14.347644624,3.222200874
9.136000,0.800000,121.212121,3.226033693,-2.733223509,-14.215012313,3.226033693
9.137000,0.800000,121.212121,3.229384865,-2.793768015,-14.161878923,3.229384865
9.138000,0.800000,121.212121,3.232314917,-2.909536128,-14.303918031,3.232314917
9.139000,0.800000,121.212121,3.242610304,-2.612393481,-14.426819417,3.242610304
9.140000,0.800000,121.212121,3.250161583,-2.625290083,-14.535565121,3.250161583
9.141000,0.800000,121.212121,3.250480756,-2.636566051,-14.630645436,3.250480756
9.142000,0.800000,121.212121,3.250759820,-2.772088745,-14.839441313,3.250759820
9.143000,0.800000,121.212121,3.257287001,-2.827749301,-14.959167273,3.257287001
9.144000,0.800000,121.212121,3.279760549,-2.926861519,-14.794174455,3.279760549
9.145000,0.800000,121.212121,3.288926576,-3.088736461,-14.856756963,3.288926576
9.146000,0.800000,121.212121,3.278091211,-3.167437745,-14.974306974,3.278091211
9.147000,0.800000,121.212121,3.268617457,-3.110585428,-15.139917069,3.268617457
9.148000,0.800000,121.212121,3.279183767,-2.998045531,-15.033388572,3.279183767
9.149000,0.800000,121.212121,3.283933467,-2.821510803,-15.220009398,3.283933467
9.150000,0.800000,121.212121,3.280008739,-2.808128948,-15.166248055,3.280008739
9.151000,0.800000,121.212121,3.282860393,-2.796428706,-15.056410710,3.282860393
9.152000,0.800000,121.212121,3.279070511,-2.911862466,-14.960375932,3.279070511
9.153000,0.800000,121.212121,3.275756881,-2.761462979,-14.813577387,3.275756881
9.154000,0.800000,121.212121,3.259339268,-2.766315676,-15.051971670,3.259339268
9.155000,0.800000,121.212121,3.258505139,-2.885533551,-15.144990278,3.258505139
9.156000,0.800000,121.212121,3.258505139,-2.885533551,-15.144990278,3.258505139
9.157000,0.800000,121.212121,3.257138167,-2.963139811,-15.061893150,3.257138167
9.158000,0.800000,121.212121,3.256580636,-2.994792183,-14.965169428,3.256580636
9.159000,0.800000,121.212121,3.248594200,-2.928896075,-15.167858321,3.248594200
9.160000,0.800000,121.212121,3.242827151,-2.964851641,-15.309146036,3.242827151
9.161000,0.800000,121.212121,3.231501624,-3.184784457,-15.244183453,3.231501624
9.162000,0.800000,121.212121,3.221599306,-3.188584141,-15.061720604,3.221599306
9.163000,0.800000,121.212121,3.225507720,-3.191906342,-15.090682271,3.225507720
9.164000,0.800000,121.212121,3.231912830,-3.024646575,-15.130248976,3.231912830
9.165000,0.800000,121.212121,3.221958837,-2.985737926,-15.024935408,3.221958837
9.166000,0.800000,121.212121,3.200689330,-3.014550534,-14.995687786,3.200689330
9.167000,0.800000,121.212121,3.200942184,-3.039742444,-14.970115529,3.200942184
9.168000,0.800000,121.212121,3.201163263,-2.936104939,-14.759261218,3.201163263
9.169000,0.800000,121.212121,3.201525568,-3.064631668,-14.829849040,3.201525568
9.170000,0.800000,121.212121,3.195390152,-3.083530196,-14.825116695,3.195390152
9.171000,0.800000,121.212121,3.202592105,-3.037222013,-14.758147180,3.202592105
9.172000,0.800000,121.212121,3.208889034,-3.185228647,-14.511097744,3.208889034
9.173000,0.800000,121.212121,3.201828298,-3.188972512,-14.420757161,3.201828298
9.174000,0.800000,121.212121,3.177690790,-3.250044129,-14.280602676,3.177690790
9.175000,0.800000,121.212121,3.174550540,-3.119979335,-14.344890664,3.174550540
9.176000,0.800000,121.212121,3.190654462,-2.943427111,-14.338268132,3.190654462
9.177000,0.800000,121.212121,3.192168334,-2.914724801,-14.332477812,3.192168334
9.178000,0.800000,121.212121,3.187208783,-2.889629329,-14.327415125,3.187208783
9.179000,0.800000,121.212121,3.166514698,-2.966270886,-14.319118393,3.166514698
9.180000,0.800000,121.212121,3.152212506,-3.060361648,-14.252902647,3.152212506
9.181000,0.800000,121.212121,3.157821293,-3.159621443,-14.136492583,3.157821293
9.182000,0.800000,121.212121,3.151911343,-3.172670125,-14.102437455,3.151911343
9.183000,0.800000,121.212121,3.152010634,-3.177992141,-14.000618786,3.152010634
9.184000,0.800000,121.212121,3.139531078,-3.245477226,-13.911595028,3.139531078
9.185000,0.800000,121.212121,3.155199552,-3.426799336,-13.765702872,3.155199552
9.186000,0.800000,121.212121,3.161168820,-3.400186533,-13.643367665,3.161168820
9.187000,0.800000,121.212121,3.160104782,-3.251254288,-13.662069260,3.160104782
9.188000,0.800000,121.212121,3.159174455,-3.058205567,-13.552757038,3.159174455
9.189000,0.800000,121.212121,3.164644222,-2.889416064,-13.394349541,3.164644222
9.190000,0.800000,121.212121,3.173608077,-2.974003536,-13.134751296,3.173608077
9.191000,0.800000,121.212121,3.183547247,-3.067122585,-13.154535656,3.183547247
9.192000,0.800000,121.212121,3.198520609,-3.085708096,-13.234665693,3.198520609
9.193000,0.800000,121.212121,3.186479622,-3.164789936,-13.241894439,3.186479622
9.194000,0.800000,121.212121,3.182234935,-3.045438499,-13.436710354,3.182234935
9.195000,0.800000,121.212121,3.192549160,-2.787013482,-13.520438678,3.192549160
9.196000,0.800000,121.212121,3.193824938,-2.777966688,-13.554587986,3.193824938
9.197000,0.800000,121.212121,3.194940396,-2.895720453,-13.521614111,3.194940396
9.198000,0.800000,121.212121,3.195915683,-2.998676844,-13.429952003,3.195915683
9.199000,0.800000,121.212121,3.203051596,-3.025863501,-13.475472201,3.203051596
9.200000,0.800000,121.212121,3.202969130,-3.188185022,-13.793502442,3.202969130
9.201000,0.800000,121.212121,3.196652310,-3.191557379,-13.793337545,3.196652310
9.202000,0.800000,121.212121,3.197412471,-3.194505952,-13.856025222,3.197412471
9.203000,0.800000,121.212121,3.210643478,-3.197083997,-13.973667187,3.210643478
9.204000,0.800000,121.212121,3.215928642,-3.073674369,-14.139357679,3.215928642
9.205000,0.800000,121.212121,3.223800401,-3.106966685,-14.222395740,3.223800401
9.206000,0.800000,121.212121,3.214865847,-3.183377092,-14.168334521,3.214865847
9.207000,0.800000,121.212121,3.214865847,-3.183377092,-14.168334521,3.214865847
9.208000,0.800000,121.212121,3.212790268,-3.120102926,-14.440938734,3.212790268
9.209000,0.800000,121.212121,3.211522473,-3.132030731,-14.547910152,3.211522473
9.210000,0.800000,121.212121,3.203161625,-3.214409873,-14.299183334,3.203161625
9.211000,0.800000,121.212121,3.190537430,-3.214486718,-14.361136408,3.190537430
9.212000,0.800000,121.212121,3.173216453,-3.088890199,-14.478136082,3.173216453
9.213000,0.800000,121.212121,3.164355280,-2.916244752,-14.329105731,3.164355280
9.214000,0.800000,121.212121,3.162890820,-2.828126424,-14.135971233,3.162890820
9.215000,0.800000,121.212121,3.172267665,-2.919254132,-13.882294223,3.172267665
9.216000,0.800000,121.212121,3.176092090,-2.893589488,-13.745307715,3.176092090
9.217000,0.800000,121.212121,3.179435924,-3.059645517,-13.625535440,3.179435924
9.218000,0.800000,121.212121,3.176076374,-3.267666183,-13.583646045,3.176076374
9.219000,0.800000,121.212121,3.179422183,-3.323882495,-13.609852481,3.179422183
9.220000,0.800000,121.212121,3.185694864,-3.180473756,-13.707735763,3.185694864
9.221000,0.800000,121.212121,3.194115164,-3.184815139,-13.718348624,3.194115164
9.222000,0.800000,121.212121,3.188910966,-3.062947261,-13.853291540,3.188910966
9.223000,0.800000,121.212121,3.184360748,-3.082057459,-13.845613323,3.184360748
9.224000,0.800000,121.212121,3.167815956,-2.973102492,-13.650404420,3.167815956
9.225000,0.800000,121.212121,3.169749568,-2.731715212,-13.746631942,3.169749568
9.226000,0.800000,121.212121,3.161324056,-2.666785550,-13.689525113,3.161324056
9.227000,0.800000,121.212121,3.172806881,-2.672847043,-13.765258245,3.172806881
9.228000,0.800000,121.212121,3.182846732,-2.866642386,-13.957138177,3.182846732
9.229000,0.800000,121.212121,3.179058568,-2.847589129,-13.936410207,3.179058568
9.230000,0.800000,121.212121,3.178344140,-2.942028352,-14.090936763,3.178344140
9.231000,0.800000,121.212121,3.168838602,-3.101997374,-14.241890726,3.168838602
9.232000,0.800000,121.212121,3.168838602,-3.101997374,-14.241890726,3.168838602
9.233000,0.800000,121.212121,3.177604098,-2.948018726,-14.316569926,3.177604098
9.234000,0.800000,121.212121,3.187041113,-3.107234975,-14.313506283,3.187041113
9.235000,0.800000,121.212121,3.184446508,-2.944127000,-14.434149290,3.184446508
9.236000,0.800000,121.212121,3.174174124,-2.978168592,-14.604805748,3.174174124
9.237000,0.800000,121.212121,3.184042162,-3.007932391,-14.628353177,3.184042162
9.238000,0.800000,121.212121,3.192670146,-2.971124108,-14.648941548,3.192670146
9.239000,0.800000,121.212121,3.193930720,-3.001773143,-14.541279002,3.193930720
9.240000,0.800000,121.212121,3.207773352,-3.169768812,-14.490505302,3.207773352
9.241000,0.800000,121.212121,3.213419186,-2.986959859,-14.465584295,3.213419186
9.242000,0.800000,121.212121,3.205789174,-2.827123356,-14.443794954,3.205789174
9.243000,0.800000,121.212121,3.211684348,-2.687372500,-14.424743743,3.211684348
9.244000,0.800000,121.212121,3.216838712,-2.565183255,-14.408086577,3.216838712
9.245000,0.800000,121.212121,3.237852056,-2.718243557,-14.435724980,3.237852056
9.246000,0.800000,121.212121,3.239718090,-2.843502353,-14.354856018,3.239718090
9.247000,0.800000,121.212121,3.241349630,-3.015852517,-14.346981203,3.241349630
9.248000,0.800000,121.212121,3.242776145,-3.103712667,-14.340095966,3.242776145
9.249000,0.800000,121.212121,3.237740214,-2.929204574,-14.334075954,3.237740214
9.250000,0.800000,121.212121,3.217710526,-3.130084124,-14.269274187,3.217710526
9.251000,0.800000,121.212121,3.222107618,-3.140757654,-14.397817608,3.222107618
9.252000,0.800000,121.212121,3.232235341,-3.275753616,-14.447375933,3.232235341
9.253000,0.800000,121.212121,3.241090377,-3.268121778,-14.490706576,3.241090377
9.254000,0.800000,121.212121,3.236266285,-3.198617132,-14.591423982,3.236266285
9.255000,0.800000,121.212121,3.228360563,-3.084712901,-14.992015738,3.228360563
9.256000,0.800000,121.212121,3.237702518,-2.849760536,-15.029736778,3.237702518
9.257000,0.800000,121.212121,3.233304157,-2.769996861,-15.125549504,3.233304157
9.258000,0.800000,121.212121,3.239736336,-2.785000435,-15.283776662,3.239736336
9.259000,0.800000,121.212121,3.253931954,-2.587711048,-15.222002089,3.253931954
9.260000,0.800000,121.212121,3.260060513,-2.603709336,-15.105158485,3.260060513
9.261000,0.800000,121.212121,3.263820812,-2.794735844,-14.850843304,3.263820812
9.262000,0.800000,121.212121,3.268706700,-2.596223070,-14.906304595,3.268706700
9.263000,0.800000,121.212121,3.266695424,-2.422656147,-15.080460120,3.266695424
9.264000,0.800000,121.212121,3.258653708,-2.396563992,-15.232730617,3.258653708
9.265000,0.800000,121.212121,3.239056172,-2.499414381,-15.303034385,3.239056172
9.266000,0.800000,121.212121,3.230493331,-2.369597726,-15.064944151,3.230493331
9.267000,0.800000,121.212121,3.239567274,-2.413004942,-14.967837029,3.239567274
9.268000,0.800000,121.212121,3.241217767,-2.639453007,-14.945764602,3.241217767
9.269000,0.800000,121.212121,3.223811296,-2.837444768,-14.926465877,3.223811296
9.270000,0.800000,121.212121,3.227441743,-2.822060591,-14.846760449,3.227441743
9.271000,0.800000,121.212121,3.245957692,-2.914617022,-14.708243489,3.245957692
9.272000,0.800000,121.212121,3.240521955,-2.763871388,-14.655960695,3.240521955
9.273000,0.800000,121.212121,3.229486108,-2.569237155,-14.484584244,3.229486108
9.274000,0.800000,121.212121,3.226120252,-2.461893235,-14.523239152,3.226120252
9.275000,0.800000,121.212121,3.223177362,-2.305206697,-14.619868395,3.223177362
9.276000,0.800000,121.212121,3.255264097,-2.519500850,-14.605520229,3.255264097
9.277000,0.800000,121.212121,3.261225253,-2.544070684,-14.817473432,3.261225253
9.278000,0.800000,121.212121,3.253870939,-2.628384835,-14.939959958,3.253870939
9.279000,0.800000,121.212121,3.247440794,-2.576440052,-14.984222519,3.247440794
9.280000,0.800000,121.212121,3.248101871,-2.531022842,-15.022922883,3.248101871
9.281000,0.800000,121.212121,3.242902059,-2.747065322,-15.015617513,3.242902059
9.282000,0.800000,121.212121,3.244133490,-2.805870415,-15.050372665,3.244133490
9.283000,0.800000,121.212121,3.244133490,-2.805870415,-15.050372665,3.244133490
9.284000,0.800000,121.212121,3.263421979,-2.721640340,-15.107329418,3.263421979
9.285000,0.800000,121.212121,3.268357986,-2.657976724,-15.004896007,3.268357986
9.286000,0.800000,121.212121,3.264670314,-2.671412797,-14.899859960,3.264670314
9.287000,0.800000,121.212121,3.263166265,-2.928220225,-15.074825342,3.263166265
9.288000,0.800000,121.212121,3.261851221,-3.152756281,-15.164972073,3.261851221
9.289000,0.800000,121.212121,3.260701430,-3.160580744,-15.306622484,3.260701430
9.290000,0.800000,121.212121,3.265979312,-3.104590103,-15.430472580,3.265979312
9.291000,0.800000,121.212121,3.256568718,-3.248368672,-15.327174566,3.256568718
9.292000,0.800000,121.212121,3.256082746,-3.181346275,-15.259946451,3.256082746
9.293000,0.800000,121.212121,3.255657843,-3.059914307,-15.263998324,3.255657843
9.294000,0.800000,121.212121,3.255286335,-3.079405637,-15.267541024,3.255286335
9.295000,0.800000,121.212121,3.248678327,-3.222111320,-15.333470387,3.248678327
9.296000,0.800000,121.212121,3.283093831,-3.179592060,-15.470714971,3.283093831
9.297000,0.800000,121.212121,3.291840985,-3.184044240,-15.448280891,3.291840985
9.298000,0.800000,121.212121,3.288905406,-3.128508620,-15.348684061,3.288905406
9.299000,0.800000,121.212121,3.290639071,-3.139380134,-15.341584837,3.290639071
9.300000,0.800000,121.212121,3.292154877,-3.211717347,-15.272545875,3.292154877
9.301000,0.800000,121.212121,3.293480202,-3.337796250,-15.337846310,3.293480202
9.302000,0.800000,121.212121,3.300922167,-3.322367905,-15.269277145,3.300922167
9.303000,0.800000,121.212121,3.313118061,-3.406956268,-15.109865494,3.313118061
9.304000,0.800000,121.212121,3.324375445,-3.194341460,-15.195608949,3.324375445
9.305000,0.800000,121.212121,3.334218184,-3.134108322,-15.207745711,3.334218184
9.306000,0.800000,121.212121,3.313470314,-2.774401619,-15.188707147,3.313470314
9.307000,0.800000,121.212121,3.330966617,-2.829771531,-15.201711215,3.330966617
9.308000,0.800000,121.212121,3.327414715,-3.003847161,-15.087417438,3.327414715
9.309000,0.800000,121.212121,3.333370659,-3.108522471,-14.962944619,3.333370659
9.310000,0.800000,121.212121,3.323233470,-3.121905519,-15.067150696,3.323233470
9.311000,0.800000,121.212121,3.320653344,-3.133606803,-14.969766292,3.320653344
9.312000,0.800000,121.212121,3.318397446,-3.143837661,-14.947451426,3.318397446
9.313000,0.800000,121.212121,3.310141847,-3.215614724,-15.053604435,3.310141847
9.314000,0.800000,121.212121,3.302106186,-3.215474970,-15.039072453,3.302106186
9.315000,0.800000,121.212121,3.302180992,-3.215417971,-14.945216465,3.302180992
9.316000,0.800000,121.212121,3.302246398,-3.341031840,-14.925986621,3.302246398
9.317000,0.800000,121.212121,3.302303585,-3.513692458,-14.909173271,3.302303585
9.318000,0.800000,121.212121,3.314919956,-3.664655903,-14.894472749,3.314919956
9.319000,0.800000,121.212121,3.341878854,-3.912054833,-14.760509190,3.341878854
9.320000,0.800000,121.212121,3.336955679,-4.012958586,-14.764490347,3.336955679
9.321000,0.800000,121.212121,3.332651169,-3.975518692,-14.705139364,3.332651169
9.322000,0.800000,121.212121,3.322604395,-3.879951782,-14.716078498,3.322604395
9.323000,0.800000,121.212121,3.313820135,-3.670730457,-14.788474834,3.313820135
9.324000,0.800000,121.212121,3.281364500,-3.508458374,-14.860077480,3.281364500
9.325000,0.800000,121.212121,3.277762598,-3.345920288,-14.788714664,3.277762598
9.326000,0.800000,121.212121,3.274613325,-3.266639193,-14.726319563,3.274613325
9.327000,0.800000,121.212121,3.271859801,-3.322984560,-14.860260822,3.271859801
9.328000,0.800000,121.212121,3.269452295,-3.372249360,-14.851706819,3.269452295
9.329000,0.800000,121.212121,3.283566861,-3.460880210,-14.602152472,3.283566861
9.330000,0.800000,121.212121,3.285971388,-3.618480238,-14.563201468,3.285971388
9.331000,0.800000,121.212121,3.285235923,-3.587661565,-14.245693395,3.285235923
9.332000,0.800000,121.212121,3.293713895,-3.540834218,-14.188704507,3.293713895
9.333000,0.800000,121.212121,3.313692864,-3.625555076,-14.264540760,3.313692864
9.334000,0.800000,121.212121,3.318594830,-3.762461449,-14.393679001,3.318594830
9.335000,0.800000,121.212121,3.332911360,-3.923991795,-14.605310782,3.332911360
9.336000,0.800000,121.212121,3.335398260,-3.772068093,-14.691626600,3.335398260
9.337000,0.800000,121.212121,3.331289461,-3.827731244,-14.578600092,3.331289461
9.338000,0.800000,121.212121,3.333980174,-4.002063264,-14.479776914,3.333980174
9.339000,0.800000,121.212121,3.336332762,-4.217319930,-14.456204076,3.336332762
9.340000,0.800000,121.212121,3.322917765,-3.729915081,-14.708045119,3.322917765
9.341000,0.800000,121.212121,3.326660497,-3.853707190,-14.592955399,3.326660497
9.342000,0.800000,121.212121,3.342499273,-3.961943123,-14.680823840,3.342499273
9.343000,0.800000,121.212121,3.343781320,-3.805250316,-14.694818553,3.343781320
9.344000,0.800000,121.212121,3.332335889,-3.731079960,-14.769886492,3.332335889
9.345000,0.800000,121.212121,3.335553582,-3.672361417,-14.649476120,3.335553582
9.346000,0.800000,121.212121,3.318858894,-3.614890373,-14.604578251,3.318858894
9.347000,0.800000,121.212121,3.323111679,-3.501809500,-14.628154268,3.323111679
9.348000,0.800000,121.212121,3.333113228,-3.402938789,-14.585935782,3.333113228
9.349000,0.800000,121.212121,3.329291574,-3.379324391,-14.360527068,3.329291574
9.350000,0.800000,121.212121,3.334805450,-3.160025234,-14.407263133,3.334805450
9.351000,0.800000,121.212121,3.343337516,-3.292599960,-14.455634498,3.343337516
9.352000,0.800000,121.212121,3.357080597,-3.408514854,-14.435095486,3.357080597
9.353000,0.800000,121.212121,3.375379856,-3.509863454,-14.417137482,3.375379856
9.354000,0.800000,121.212121,3.372530007,-3.661308065,-14.464268000,3.372530007
9.355000,0.800000,121.212121,3.357471910,-3.793721586,-14.316980364,3.357471910
9.356000,0.800000,121.212121,3.368125103,-3.830121020,-14.381868931,3.368125103
9.357000,0.800000,121.212121,3.353620542,-3.878489026,-14.559095132,3.353620542
9.358000,0.800000,121.212121,3.347221864,-3.795115223,-14.651218579,3.347221864
9.359000,0.800000,121.212121,3.341627267,-3.847882187,-14.857429159,3.341627267
9.360000,0.800000,121.212121,3.326175655,-3.800797311,-15.077599085,3.326175655
9.361000,0.800000,121.212121,3.316942617,-3.601522831,-15.167397256,3.316942617
9.362000,0.800000,121.212121,3.302586652,-3.490121773,-15.183079204,3.302586652
9.363000,0.800000,121.212121,3.296317896,-3.581215344,-15.071126794,3.296317896
9.364000,0.800000,121.212121,3.297120080,-3.660861760,-15.036074592,3.297120080
9.365000,0.800000,121.212121,3.292151515,-3.799282009,-15.096399056,3.292151515
9.366000,0.800000,121.212121,3.293477262,-3.914357212,-15.058171048,3.293477262
9.367000,0.800000,121.212121,3.300919597,-3.826476080,-15.024746913,3.300919597
9.368000,0.800000,121.212121,3.301143514,-3.749638416,-14.995522978,3.301143514
9.369000,0.800000,121.212121,3.307622479,-3.870952018,-15.032803285,3.307622479
9.370000,0.800000,121.212121,3.312746591,-4.124696947,-15.400161842,3.312746591
9.371000,0.800000,121.212121,3.317767470,-4.136047450,-15.575089288,3.317767470
9.372000,0.800000,121.212121,3.309591036,-4.020307901,-15.413875438,3.309591036
9.373000,0.800000,121.212121,3.302442083,-3.981944465,-15.335752171,3.302442083
9.374000,0.800000,121.212121,3.302474679,-4.136897480,-15.330278016,3.302474679
9.375000,0.800000,121.212121,3.296244913,-4.155298475,-15.258475117,3.296244913
9.376000,0.800000,121.212121,3.284489898,-4.099971624,-15.199880030,3.284489898
9.377000,0.800000,121.212121,3.280495247,-4.051597349,-15.085816366,3.280495247
9.378000,0.800000,121.212121,3.283285764,-4.134965672,-15.111750070,3.283285764
9.379000,0.800000,121.212121,3.285725615,-4.145025769,-15.071592997,3.285725615
9.380000,0.800000,121.212121,3.301500844,-4.279280281,-15.123551597,3.301500844
9.381000,0.800000,121.212121,3.312770870,-4.154272655,-15.092544537,3.312770870
9.382000,0.800000,121.212121,3.324071884,-4.287570271,-15.117632755,3.324071884
9.383000,0.800000,121.212121,3.315103214,-4.592612774,-15.139568294,3.315103214
9.384000,0.800000,121.212121,3.336525330,-4.432948854,-15.002812069,3.336525330
9.385000,0.800000,121.212121,3.344841270,-4.279899574,-15.039176402,3.344841270
9.386000,0.800000,121.212121,3.333262642,-4.208914887,-15.133802910,3.333262642
9.387000,0.800000,121.212121,3.323139028,-4.084018545,-15.090874595,3.323139028
9.388000,0.800000,121.212121,3.320570769,-4.037648994,-14.927677104,3.320570769
9.389000,0.800000,121.212121,3.321065955,-4.024490415,-15.382628520,3.321065955
9.390000,0.800000,121.212121,3.312475021,-4.111265095,-15.559759268,3.312475021
9.391000,0.800000,121.212121,3.304963656,-3.998639789,-15.588967404,3.304963656
9.392000,0.800000,121.212121,3.298396197,-3.900167395,-15.488841432,3.298396197
9.393000,0.800000,121.212121,3.305220400,-3.814069408,-15.401297660,3.305220400
9.394000,0.800000,121.212121,3.315614336,-3.665076321,-15.611134973,3.315614336
9.395000,0.800000,121.212121,3.326558029,-3.545688896,-15.759550754,3.326558029
9.396000,0.800000,121.212121,3.317276941,-3.504135991,-15.826484204,3.317276941
9.397000,0.800000,121.212121,3.309162149,-3.530636631,-15.696510990,3.309162149
9.398000,0.800000,121.212121,3.314633462,-3.616638955,-15.771366251,3.314633462
9.399000,0.800000,121.212121,3.317316666,-3.514147856,-15.894039072,3.317316666
9.400000,0.800000,121.212121,3.309196882,-3.413726662,-15.944072222,3.309196882
9.401000,0.800000,121.212121,3.314663831,-3.325924767,-15.862154315,3.314663831
9.402000,0.800000,121.212121,3.325726968,-3.437651942,-15.853362369,3.325726968
9.403000,0.800000,121.212121,3.322833499,-3.472507214,-15.908507104,3.322833499
9.404000,0.800000,121.212121,3.325164436,-3.482587556,-15.763342265,3.325164436
9.405000,0.800000,121.212121,3.328624842,-3.574627905,-15.892631114,3.328624842
9.406000,0.800000,121.212121,3.312800845,-3.529438416,-15.880009340,3.312800845
9.407000,0.800000,121.212121,3.305248536,-3.552759459,-15.743309959,3.305248536
9.408000,0.800000,121.212121,3.304928463,-3.635981747,-15.749452435,3.304928463
9.409000,0.800000,121.212121,3.334240717,-3.827302622,-15.712478241,3.334240717
9.410000,0.800000,121.212121,3.336560565,-3.687529239,-15.910990704,3.336560565
9.411000,0.800000,121.212121,3.319739336,-3.753815856,-16.021725502,3.319739336
9.412000,0.800000,121.212121,3.305031924,-3.811772652,-16.055713102,3.305031924
9.413000,0.800000,121.212121,3.298455886,-3.611118969,-16.085429695,3.298455886
9.414000,0.800000,121.212121,3.316726295,-3.462887540,-16.071297401,3.316726295
9.415000,0.800000,121.212121,3.314963884,-3.306076054,-15.973391906,3.314963884
9.416000,0.800000,121.212121,3.313422945,-3.168970080,-15.950621432,3.313422945
9.417000,0.800000,121.212121,3.324642016,-3.111925204,-15.993544233,3.324642016
9.418000,0.800000,121.212121,3.334451257,-3.250544358,-16.031073196,3.334451257
9.419000,0.800000,121.212121,3.337960273,-3.352049756,-15.629399263,3.337960273
9.420000,0.800000,121.212121,3.333529522,-3.334830262,-15.712688032,3.333529522
9.421000,0.800000,121.212121,3.323372370,-3.508270193,-15.597014867,3.323372370
9.422000,0.800000,121.212121,3.323491406,-3.617958385,-15.676534461,3.323491406
9.423000,0.800000,121.212121,3.333445237,-3.692987534,-15.816731900,3.333445237
9.424000,0.800000,121.212121,3.342148233,-3.632924536,-15.813647903,3.342148233
9.425000,0.800000,121.212121,3.332067531,-3.534493279,-15.573057802,3.332067531
9.426000,0.800000,121.212121,3.334660469,-3.494347257,-15.412099236,3.334660469
9.427000,0.800000,121.212121,3.343210755,-3.459246132,-15.334199173,3.343210755
9.428000,0.800000,121.212121,3.356969764,-3.428555944,-15.328920174,3.356969764
9.429000,0.800000,121.212121,3.375282952,-3.527386106,-15.387136406,3.375282952
9.430000,0.800000,121.212121,3.357397830,-3.508749124,-15.725972911,3.357397830
9.431000,0.800000,121.212121,3.350524483,-3.471838207,-15.922789584,3.350524483
9.432000,0.800000,121.212121,3.344514867,-3.628061212,-15.906377985,3.344514867
9.433000,0.800000,121.212121,3.345543627,-3.827484508,-15.892028729,3.345543627
9.434000,0.800000,121.212121,3.346443109,-3.876183828,-15.816650800,3.346443109
9.435000,0.800000,121.212121,3.371470784,-3.955992285,-15.638185262,3.371470784
9.436000,0.800000,121.212121,3.387961719,-4.051374694,-15.846033656,3.387961719
9.437000,0.800000,121.212121,3.402380343,-3.883443584,-15.839267492,3.402380343
9.438000,0.800000,121.212121,3.402420697,-3.862279026,-15.833351589,3.402420697
9.439000,0.800000,121.212121,3.402455981,-3.906605938,-15.953842806,3.402455981
9.440000,0.800000,121.212121,3.426067409,-3.979248892,-16.143408160,3.426067409
9.441000,0.800000,121.212121,3.423131159,-3.946045083,-15.910777254,3.423131159
9.442000,0.800000,121.212121,3.420563889,-3.791350083,-15.770211463,3.420563889
9.443000,0.800000,121.212121,3.437168788,-3.656094629,-15.710141543,3.437168788
9.444000,0.800000,121.212121,3.451687054,-3.663499583,-15.594788379,3.451687054
9.445000,0.800000,121.212121,3.438570048,-3.683530507,-16.065315235,3.438570048
9.446000,0.800000,121.212121,3.417069441,-3.701868609,-16.306348015,3.417069441
9.447000,0.800000,121.212121,3.408980724,-3.766353288,-16.178905189,3.408980724
9.448000,0.800000,121.212121,3.395625280,-3.759902730,-16.255972860,3.395625280
9.449000,0.800000,121.212121,3.402797687,-3.754262774,-16.511851482,3.402797687
9.450000,0.800000,121.212121,3.421635152,-3.686499702,-16.672743594,3.421635152
9.451000,0.800000,121.212121,3.434446008,-3.646177099,-16.755813752,3.434446008
9.452000,0.800000,121.212121,3.424173688,-3.780492033,-16.571889396,3.424173688
9.453000,0.800000,121.212121,3.415192225,-3.772264748,-16.411077656,3.415192225
9.454000,0.800000,121.212121,3.426188962,-3.702239482,-16.396137822,3.426188962
9.455000,0.800000,121.212121,3.416954252,-3.452518290,-16.445907235,3.416954252
9.456000,0.800000,121.212121,3.402609976,-3.632115253,-16.409701340,3.402609976
9.457000,0.800000,121.212121,3.402621474,-3.642533544,-16.457766311,3.402621474
9.458000,0.800000,121.212121,3.402631527,-3.777306340,-16.248463848,3.402631527
9.459000,0.800000,121.212121,3.383790761,-3.769479382,-16.253958668,3.383790761
9.460000,0.800000,121.212121,3.367317596,-3.762635987,-16.510090400,3.367317596
9.461000,0.800000,121.212121,3.370158158,-3.822148568,-16.804175440,3.370158158
9.462000,0.800000,121.212121,3.380530858,-3.934350275,-16.865501187,3.380530858
9.463000,0.800000,121.212121,3.383316900,-4.095284152,-16.856288661,3.383316900
9.464000,0.800000,121.212121,3.385752838,-3.984667070,-16.785401961,3.385752838
9.465000,0.800000,121.212121,3.369033110,-3.950782393,-16.786255000,3.369033110
9.466000,0.800000,121.212121,3.341632817,-3.777484154,-16.779757278,3.341632817
9.467000,0.800000,121.212121,3.336740561,-3.706802998,-16.655655942,3.336740561
9.468000,0.800000,121.212121,3.326179898,-3.896331309,-16.547149641,3.326179898
9.469000,0.800000,121.212121,3.310663142,-4.062042791,-16.452278643,3.310663142
9.470000,0.800000,121.212121,3.303379464,-4.081266648,-16.432161340,3.303379464
9.471000,0.800000,121.212121,3.304009342,-4.238434415,-16.289320760,3.304009342
9.472000,0.800000,121.212121,3.322694547,-4.172660393,-16.289681348,3.322694547
9.473000,0.800000,121.212121,3.351598070,-4.052319926,-16.227164770,3.351598070
9.474000,0.800000,121.212121,3.364303099,-4.009933740,-16.298167964,3.364303099
9.475000,0.800000,121.212121,3.369128381,-4.224201373,-16.234584927,3.369128381
9.476000,0.800000,121.212121,3.364469685,-4.222039154,-16.365921075,3.364469685
9.477000,0.800000,121.212121,3.369274033,-4.283989127,-16.293823931,3.369274033
9.478000,0.800000,121.212121,3.379757835,-4.338154238,-16.167954928,3.379757835
9.479000,0.800000,121.212121,3.388924203,-4.259849054,-15.995071237,3.388924203
9.480000,0.800000,121.212121,3.390655507,-4.317047695,-16.158072017,3.390655507
9.481000,0.800000,121.212121,3.387999150,-4.418680527,-16.417302052,3.387999150
9.482000,0.800000,121.212121,3.389846699,-4.267424258,-16.464411890,3.389846699
9.483000,0.800000,121.212121,3.391462078,-4.260839118,-16.568433584,3.391462078
9.484000,0.800000,121.212121,3.392874462,-4.317913344,-16.533719821,3.392874462
9.485000,0.800000,121.212121,3.381542991,-4.430647265,-16.377704611,3.381542991
9.486000,0.800000,121.212121,3.380243391,-4.254195891,-16.122026847,3.380243391
9.487000,0.800000,121.212121,3.376782372,-4.123609371,-16.269073915,3.376782372
9.488000,0.800000,121.212121,3.373756278,-3.946600984,-16.397642503,3.373756278
9.489000,0.800000,121.212121,3.389960009,-3.729004273,-16.447222832,3.389960009
9.490000,0.800000,121.212121,3.391561149,-3.601583425,-16.302077155,3.391561149
9.491000,0.800000,121.212121,3.382408296,-3.447702277,-16.425412134,3.382408296
9.492000,0.800000,121.212121,3.366108856,-3.355630880,-16.597166535,3.366108856
9.493000,0.800000,121.212121,3.376990406,-3.463625075,-16.684505789,3.376990406
9.494000,0.800000,121.212121,3.380221354,-3.558048320,-16.886533374,3.380221354
9.495000,0.800000,121.212121,3.378069257,-3.989734916,-16.737481031,3.378069257
9.496000,0.800000,121.212121,3.387447818,-3.955213395,-16.807187845,3.387447818
9.497000,0.800000,121.212121,3.397323790,-3.890743834,-16.803655366,3.397323790
9.498000,0.800000,121.212121,3.391716385,-3.931493753,-16.802214615,3.391716385
9.499000,0.800000,121.212121,3.399379997,-3.904291032,-16.738123060,3.399379997
9.500000,0.800000,121.212121,3.412363757,-3.880506706,-16.619253635,3.412363757
9.501000,0.800000,121.212121,3.404866374,-3.796879354,-16.515321783,3.404866374
9.502000,0.800000,121.212121,3.375309241,-3.714766998,-16.227230214,3.375309241
9.503000,0.800000,121.212121,3.378751451,-3.463471552,-16.298225184,3.378751451
9.504000,0.800000,121.212121,3.381761100,-3.432250383,-16.485962368,3.381761100
9.505000,0.800000,121.212121,3.384392545,-3.404952581,-16.587275949,3.384392545
9.506000,0.800000,121.212121,3.374126943,-3.506748829,-16.550194384,3.374126943
9.507000,0.800000,121.212121,3.381646844,-3.728508714,-16.677920666,3.381646844
9.508000,0.800000,121.212121,3.390575832,-3.601150140,-16.692280203,3.390575832
9.509000,0.800000,121.212121,3.392099586,-3.678291475,-16.642003414,3.392099586
9.510000,0.800000,121.212121,3.374582303,-3.620075238,-16.786540152,3.374582303
9.511000,0.800000,121.212121,3.359266306,-3.506342816,-16.912913868,3.359266306
9.512000,0.800000,121.212121,3.351436867,-3.563389824,-17.002247123,3.351436867
9.513000,0.800000,121.212121,3.345312597,-3.393948848,-17.101514301,3.345312597
9.514000,0.800000,121.212121,3.339957926,-3.245800453,-17.062643492,3.339957926
9.515000,0.800000,121.212121,3.347842513,-3.179100788,-17.028657333,3.347842513
9.516000,0.800000,121.212121,3.361019479,-3.120782850,-16.998942001,3.361019479
9.517000,0.800000,121.212121,3.364553906,-2.978170912,-16.950244506,3.364553906
9.518000,0.800000,121.212121,3.363064486,-3.196429979,-16.930382820,3.363064486
9.519000,0.800000,121.212121,3.392097891,-2.959163185,-16.795396070,3.392097891
9.520000,0.800000,121.212121,3.399713562,-2.928483421,-16.857825066,3.399713562
9.521000,0.800000,121.212121,3.406372220,-2.964490843,-16.723913443,3.406372220
9.522000,0.800000,121.212121,3.405910941,-3.121637145,-16.795325210,3.405910941
9.523000,0.800000,121.212121,3.441274971,-3.379168544,-17.265658900,3.441274971
9.524000,0.800000,121.212121,3.442710868,-3.295709350,-17.457488485,3.442710868
9.525000,0.800000,121.212121,3.437683140,-3.285569801,-17.625212053,3.437683140
9.526000,0.800000,121.212121,3.439570400,-3.276704425,-17.583363296,3.439570400
9.527000,0.800000,121.212121,3.434937314,-3.331784958,-17.546773410,3.434937314
9.528000,0.800000,121.212121,3.439121415,-3.131578735,-17.596682234,3.439121415
9.529000,0.800000,121.212121,3.440827936,-3.079232594,-17.558418640,3.440827936
9.530000,0.800000,121.212121,3.442320009,-3.033464463,-17.524963391,3.442320009
9.531000,0.800000,121.212121,3.443624582,-3.119111431,-17.495712253,3.443624582
9.532000,0.800000,121.212121,3.438482033,-3.068331978,-17.470136922,3.438482033
9.533000,0.800000,121.212121,3.441831225,-3.401250518,-17.129856164,3.441831225
9.534000,0.800000,121.212121,3.430630850,-3.440680128,-17.150255664,3.430630850
9.535000,0.800000,121.212121,3.420837956,-3.475154866,-17.168091688,3.420837956
9.536000,0.800000,121.212121,3.412275674,-3.568129235,-17.309350077,3.412275674
9.537000,0.800000,121.212121,3.404789359,-3.460924540,-17.370025560,3.404789359
9.538000,0.800000,121.212121,3.416074390,-3.222405607,-17.587228580,3.416074390
9.539000,0.800000,121.212121,3.420677085,-3.221477678,-17.738648526,3.420677085
9.540000,0.800000,121.212121,3.418418204,-3.220666355,-17.996704188,3.418418204
9.541000,0.800000,121.212121,3.403876811,-3.157125134,-17.971004206,3.403876811
9.542000,0.800000,121.212121,3.384879558,-3.164400591,-17.822870073,3.384879558
9.543000,0.800000,121.212121,3.337035418,-3.000586641,-17.337989315,3.337035418
9.544000,0.800000,121.212121,3.353291710,-3.302421164,-17.625569878,3.353291710
9.545000,0.800000,121.212121,3.346934354,-3.668429302,-17.583676156,3.346934354
9.546000,0.800000,121.212121,3.360225443,-3.674284235,-17.484215101,3.360225443
9.547000,0.800000,121.212121,3.365563138,-3.616571563,-17.334420838,3.365563138
9.548000,0.800000,121.212121,3.376513265,-3.566111279,-17.077786571,3.376513265
9.549000,0.800000,121.212121,3.387385581,-3.538353122,-16.900646000,3.387385581
9.550000,0.800000,121.212121,3.395593419,-3.560553910,-16.887017046,3.395593419
9.551000,0.800000,121.212121,3.402769829,-3.579964865,-16.875100757,3.402769829
9.552000,0.800000,121.212121,3.402761240,-3.785432127,-16.739018207,3.402761240
9.553000,0.800000,121.212121,3.383904174,-3.902247758,-16.745700000,3.383904174
9.554000,0.800000,121.212121,3.371061197,-3.575572666,-16.458282227,3.371061197
9.555000,0.800000,121.212121,3.381320417,-3.718760015,-16.374578638,3.381320417
9.556000,0.800000,121.212121,3.396573611,-3.843953910,-16.364225405,3.396573611
9.557000,0.800000,121.212121,3.409910032,-3.953415477,-16.229509492,3.409910032
9.558000,0.800000,121.212121,3.409004178,-3.923457991,-16.237386186,3.409004178
9.559000,0.800000,121.212121,3.419296467,-4.109899702,-16.305230684,3.419296467
9.560000,0.800000,121.212121,3.410927893,-4.311605241,-16.303591972,3.410927893
9.561000,0.800000,121.212121,3.416177317,-4.550795567,-16.364991040,3.416177317
9.562000,0.800000,121.212121,3.427050263,-4.697096498,-16.230178914,3.427050263
9.563000,0.800000,121.212121,3.436556875,-4.762180858,-16.237971486,3.436556875
9.564000,0.800000,121.212121,3.427793140,-4.751073101,-16.078037763,3.427793140
9.565000,0.800000,121.212121,3.418356843,-4.620879002,-16.104948955,3.418356843
9.566000,0.800000,121.212121,3.422672717,-4.632709283,-16.191310241,3.422672717
9.567000,0.800000,121.212121,3.426446242,-4.643052926,-16.078323488,3.426446242
9.568000,0.800000,121.212121,3.429745572,-4.463601190,-15.916703217,3.429745572
9.569000,0.800000,121.212121,3.405315725,-4.412947368,-15.651839875,3.405315725
9.570000,0.800000,121.212121,3.398704024,-4.388075255,-15.606644968,3.398704024
9.571000,0.800000,121.212121,3.392923173,-4.429160517,-15.567129420,3.392923173
9.572000,0.800000,121.212121,3.387868766,-4.527914706,-15.595411396,3.387868766
9.573000,0.800000,121.212121,3.383449514,-4.425763518,-15.557307500,3.383449514
9.574000,0.800000,121.212121,3.393477662,-4.438958001,-15.848166895,3.393477662
9.575000,0.800000,121.212121,3.400919946,-4.410817296,-15.903964513,3.400919946
9.576000,0.800000,121.212121,3.401143820,-4.260549149,-15.952750395,3.401143820
9.577000,0.800000,121.212121,3.382490005,-4.317659814,-15.995405663,3.382490005
9.578000,0.800000,121.212121,3.372463483,-4.367593741,-15.969868859,3.372463483
9.579000,0.800000,121.212121,3.391362422,-4.386593621,-15.802355431,3.391362422
9.580000,0.800000,121.212121,3.405353700,-4.239369511,-15.801078035,3.405353700
9.581000,0.800000,121.212121,3.405020412,-4.173477982,-15.862793013,3.405020412
9.582000,0.800000,121.212121,3.398445821,-4.053034773,-15.853920806,3.398445821
9.583000,0.800000,121.212121,3.405263788,-4.010558757,-15.783331660,3.405263788
9.584000,0.800000,121.212121,3.410153888,-3.933053369,-15.612713981,3.410153888
9.585000,0.800000,121.212121,3.409217390,-3.968486514,-15.509603925,3.409217390
9.586000,0.800000,121.212121,3.402115391,-4.062298853,-15.607946621,3.402115391
9.587000,0.800000,121.212121,3.414755411,-4.081490531,-15.945258621,3.414755411
9.588000,0.800000,121.212121,3.438373410,-4.349597925,-15.988855333,3.438373410
9.589000,0.800000,121.212121,3.429181816,-4.310004615,-15.816869906,3.429181816
9.590000,0.800000,121.212121,3.425854198,-4.172404963,-15.688104861,3.425854198
9.591000,0.800000,121.212121,3.416661556,-4.052096594,-15.512689055,3.416661556
9.592000,0.800000,121.212121,3.414907281,-4.009738474,-15.422148502,3.414907281
9.593000,0.800000,121.212121,3.407090269,-3.847039525,-15.342985611,3.407090269
9.594000,0.800000,121.212121,3.407090269,-3.847039525,-15.342985611,3.407090269
9.595000,0.800000,121.212121,3.422215010,-3.990765480,-15.207381567,3.422215010
9.596000,0.800000,121.212121,3.419762867,-3.893282601,-15.092375232,3.419762867
9.597000,0.800000,121.212121,3.417618869,-3.808049783,-14.991821019,3.417618869
9.598000,0.800000,121.212121,3.415744295,-3.796359489,-15.155230234,3.415744295
9.599000,0.800000,121.212121,3.418955426,-3.659433410,-15.360193442,3.418955426
9.600000,0.800000,121.212121,3.410629709,-3.540755094,-15.351647906,3.410629709
9.601000,0.800000,121.212121,3.397067047,-3.436990336,-15.407008088,3.397067047
9.602000,0.800000,121.212121,3.410341461,-3.471928747,-15.581075209,3.410341461
9.603000,0.800000,121.212121,3.409381393,-3.565308522,-15.670436558,3.409381393
9.604000,0.800000,121.212121,3.395241661,-3.482803274,-15.808986276,3.395241661
9.605000,0.800000,121.212121,3.371046348,-3.637648368,-15.806875623,3.371046348
9.606000,0.800000,121.212121,3.356174693,-3.647371348,-15.805030202,3.356174693
9.607000,0.800000,121.212121,3.362021421,-3.593040648,-15.803416684,3.362021421
9.608000,0.800000,121.212121,3.360850242,-3.671201052,-15.802005926,3.360850242
9.609000,0.800000,121.212121,3.383274087,-3.799290342,-15.626989784,3.383274087
9.610000,0.800000,121.212121,3.398281775,-3.851532645,-15.647749484,3.398281775
9.611000,0.800000,121.212121,3.386270801,-4.022873693,-15.728732297,3.386270801
9.612000,0.800000,121.212121,3.382052355,-4.109851537,-15.862370362,3.382052355
9.613000,0.800000,121.212121,3.378364015,-4.185899422,-16.042046826,3.378364015
9.614000,0.800000,121.212121,3.373109130,-4.420399055,-15.920364738,3.373109130
9.615000,0.800000,121.212121,3.383111000,-4.268926829,-15.841426002,3.383111000
9.616000,0.800000,121.212121,3.379289626,-3.885161752,-15.960902558,3.379289626
9.617000,0.800000,121.212121,3.382231646,-3.549622017,-16.065365248,3.382231646
9.618000,0.800000,121.212121,3.375276227,-3.659307066,-16.001022685,3.375276227
9.619000,0.800000,121.212121,3.366156215,-3.603476480,-16.037611878,3.366156215
9.620000,0.800000,121.212121,3.351899072,-3.491829920,-16.069603137,3.351899072
9.621000,0.800000,121.212121,3.351999905,-3.457045133,-16.034742403,3.351999905
9.622000,0.800000,121.212121,3.352088067,-3.489463384,-16.004262398,3.352088067
9.623000,0.800000,121.212121,3.352165150,-3.454975985,-15.914780771,3.352165150
9.624000,0.800000,121.212121,3.339725104,-3.343521857,-15.760242574,3.339725104
9.625000,0.800000,121.212121,3.328789392,-3.515869570,-15.764257235,3.328789392
9.626000,0.800000,121.212121,3.325511088,-3.478063872,-15.704935545,3.325511088
9.627000,0.800000,121.212121,3.322644748,-3.445008977,-15.653068439,3.322644748
9.628000,0.800000,121.212121,3.320138602,-3.604603443,-15.544887293,3.320138602
9.629000,0.800000,121.212121,3.345078752,-3.677651333,-15.485368026,3.345078752
9.630000,0.800000,121.212121,3.352319837,-3.619515539,-15.398260736,3.352319837
9.631000,0.800000,121.212121,3.346084610,-3.568685304,-15.384931523,3.346084610
9.632000,0.800000,121.212121,3.346916110,-3.587074438,-15.436109161,3.346916110
9.633000,0.800000,121.212121,3.335076750,-3.540320872,-15.543687481,3.335076750
9.634000,0.800000,121.212121,3.340017577,-3.636405308,-15.476555130,3.340017577
9.635000,0.800000,121.212121,3.354177853,-3.646284495,-15.264891594,3.354177853
9.636000,0.800000,121.212121,3.347709141,-3.654922227,-15.142658336,3.347709141
9.637000,0.800000,121.212121,3.329486940,-3.536810803,-14.910121656,3.329486940
9.638000,0.800000,121.212121,3.326120980,-3.684869111,-14.706806397,3.326120980
9.639000,0.800000,121.212121,3.338664830,-3.793947713,-14.899621559,3.338664830
9.640000,0.800000,121.212121,3.334145542,-3.846861391,-14.823289487,3.334145542
9.641000,0.800000,121.212121,3.330194164,-3.767462034,-14.756549586,3.330194164
9.642000,0.800000,121.212121,3.326739331,-3.698040294,-14.698196469,3.326739331
9.643000,0.800000,121.212121,3.323718645,-3.763006053,-14.521512514,3.323718645
9.644000,0.800000,121.212121,3.325051530,-3.916512442,-14.420458364,3.325051530
9.645000,0.800000,121.212121,3.325051530,-3.916512442,-14.420458364,3.325051530
9.646000,0.800000,121.212121,3.314293670,-3.869054034,-14.743550663,3.314293670
9.647000,0.800000,121.212121,3.306553766,-3.912529573,-14.561167332,3.306553766
9.648000,0.800000,121.212121,3.312352859,-4.076205521,-14.276039261,3.312352859
9.649000,0.800000,121.212121,3.297513240,-4.344437705,-14.115034888,3.297513240
9.650000,0.800000,121.212121,3.291882027,-4.453838476,-14.074465032,3.291882027
9.651000,0.800000,121.212121,3.280675269,-4.549491541,-14.038993334,3.280675269
9.652000,0.800000,121.212121,3.270876793,-4.444628928,-13.945147288,3.270876793
9.653000,0.800000,121.212121,3.274876001,-4.290111887,-13.988757991,3.274876001
9.654000,0.800000,121.212121,3.275146718,-3.989848835,-14.225035729,3.275146718
9.655000,0.800000,121.212121,3.278609351,-4.143808557,-14.233474613,3.278609351
9.656000,0.800000,121.212121,3.287920042,-4.089925572,-14.178021182,3.287920042
9.657000,0.800000,121.212121,3.296060717,-4.168477428,-14.003872528,3.296060717
9.658000,0.800000,121.212121,3.284328849,-4.237158167,-13.788776187,3.284328849
9.659000,0.800000,121.212121,3.270596277,-4.059239963,-13.561939956,3.270596277
9.660000,0.800000,121.212121,3.268347550,-4.078816034,-13.653705912,3.268347550
9.661000,0.800000,121.212121,3.260098221,-4.221595809,-13.671108364,3.260098221
9.662000,0.800000,121.212121,3.246602348,-4.157937789,-13.497828401,3.246602348
9.663000,0.800000,121.212121,3.241085602,-4.102279271,-13.346323440,3.241085602
9.664000,0.800000,121.212121,3.233623894,-4.011066079,-12.980269050,3.233623894
9.665000,0.800000,121.212121,3.236021253,-4.099527712,-13.082298075,3.236021253
9.666000,0.800000,121.212121,3.238117352,-4.051209221,-13.045842048,3.238117352
9.667000,0.800000,121.212121,3.221100491,-3.883298905,-12.951135368,3.221100491
9.668000,0.800000,121.212121,3.225071588,-3.799320675,-12.868329880,3.225071588
9.669000,0.800000,121.212121,3.244145793,-3.952169344,-12.968164270,3.244145793
9.670000,0.800000,121.212121,3.251504118,-3.796704746,-12.883218867,3.251504118
9.671000,0.800000,121.212121,3.243873763,-3.570584196,-12.720466453,3.243873763
9.672000,0.800000,121.212121,3.251266271,-3.525902855,-12.666647676,3.251266271
9.673000,0.800000,121.212121,3.264012995,-3.486836337,-12.619591966,3.264012995
9.674000,0.800000,121.212121,3.275157918,-3.515510915,-12.766945009,3.275157918
9.675000,0.800000,121.212121,3.287139036,-3.381902946,-13.063363384,3.287139036
9.676000,0.800000,121.212121,3.276528299,-3.298100137,-13.029286760,3.276528299
9.677000,0.800000,121.212121,3.267250947,-3.350492005,-13.062324185,3.267250947
9.678000,0.800000,121.212121,3.259139421,-3.459131971,-13.028378151,3.259139421
9.679000,0.800000,121.212121,3.245764035,-3.428456129,-12.810202342,3.245764035
9.680000,0.800000,121.212121,3.247398052,-3.684448135,-12.696087502,3.247398052
9.681000,0.800000,121.212121,3.254347686,-3.688290082,-12.708164127,3.254347686
9.682000,0.800000,121.212121,3.254140817,-3.880144795,-12.718723158,3.254140817
9.683000,0.800000,121.212121,3.253959944,-3.985058481,-12.727955303,3.253959944
9.684000,0.800000,121.212121,3.260084986,-3.951124619,-12.673195449,3.260084986
9.685000,0.800000,121.212121,3.263839520,-3.840577626,-12.402855111,3.263839520
9.686000,0.800000,121.212121,3.268723057,-3.824799763,-12.263284846,3.268723057
9.687000,0.800000,121.212121,3.266709726,-3.936668311,-12.204085351,3.266709726
9.688000,0.800000,121.212121,3.258666212,-4.097310895,-12.089493230,3.258666212
9.689000,0.800000,121.212121,3.264199847,-4.237766537,-12.114964887,3.264199847
9.690000,0.800000,121.212121,3.290538788,-4.413009109,-12.510011911,3.290538788
9.691000,0.800000,121.212121,3.266934455,-4.262465531,-12.671135191,3.266934455
9.692000,0.800000,121.212121,3.246296330,-4.068007964,-12.560683709,3.246296330
9.693000,0.800000,121.212121,3.240818039,-3.960818509,-12.464111971,3.240818039
9.694000,0.800000,121.212121,3.236028171,-3.678603319,-12.379675795,3.236028171
9.695000,0.800000,121.212121,3.221895348,-3.467436407,-12.296237938,3.221895348
9.696000,0.800000,121.212121,3.219483375,-3.687044411,-12.170065582,3.219483375
9.697000,0.800000,121.212121,3.236224055,-3.627728248,-12.122580365,3.236224055
9.698000,0.800000,121.212121,3.244577854,-3.638697827,-12.206726022,3.244577854
9.699000,0.800000,121.212121,3.245598699,-3.648288927,-12.531625037,3.245598699
9.700000,0.800000,121.212121,3.253554844,-3.609070656,-12.702869871,3.253554844
9.701000,0.800000,121.212121,3.253447607,-3.748048523,-12.651262345,3.253447607
9.702000,0.800000,121.212121,3.253353845,-3.806730063,-12.606140013,3.253353845
9.703000,0.800000,121.212121,3.265838237,-3.732373757,-12.503856067,3.265838237
9.704000,0.800000,121.212121,3.276753793,-3.730193193,-12.351593647,3.276753793
9.705000,0.800000,121.212121,3.288359025,-3.663787831,-12.219833979,3.288359025
9.706000,0.800000,121.212121,3.277594980,-3.607394176,-12.291758387,3.277594980
9.707000,0.800000,121.212121,3.280749955,-3.746582716,-12.417476360,3.280749955
9.708000,0.800000,121.212121,3.283508465,-3.931112161,-12.464564294,3.283508465
9.709000,0.800000,121.212121,3.279637145,-4.029621099,-12.442903130,3.279637145
9.710000,0.800000,121.212121,3.267799207,-4.308825593,-12.595900369,3.267799207
9.711000,0.800000,121.212121,3.272185155,-4.297037808,-12.871894293,3.272185155
9.712000,0.800000,121.212121,3.288586320,-4.161067614,-12.987542091,3.288586320
9.713000,0.800000,121.212121,3.296643268,-4.105015791,-12.962993452,3.296643268
9.714000,0.800000,121.212121,3.303687750,-4.118839501,-13.067193393,3.303687750
9.715000,0.800000,121.212121,3.302665879,-4.023725778,-13.481388009,3.302665879
9.716000,0.800000,121.212121,3.290103982,-3.984932840,-13.708940128,3.290103982
9.717000,0.800000,121.212121,3.279120659,-4.139510325,-13.656569791,3.279120659
9.718000,0.800000,121.212121,3.282083912,-4.274663030,-13.673612358,3.282083912
9.719000,0.800000,121.212121,3.290957977,-4.141504533,-13.814176999,3.290957977
9.720000,0.800000,121.212121,3.288230377,-3.907492988,-14.044534368,3.288230377
9.721000,0.800000,121.212121,3.288230377,-3.907492988,-14.044534368,3.288230377
9.722000,0.800000,121.212121,3.291638843,-3.987822693,-14.102866250,3.291638843
9.723000,0.800000,121.212121,3.299312200,-4.016373322,-14.126657403,3.299312200
9.724000,0.800000,121.212121,3.299738109,-4.104168027,-14.210290725,3.299738109
9.725000,0.800000,121.212121,3.289448855,-4.240150327,-14.166749158,3.289448855
9.726000,0.800000,121.212121,3.291114228,-4.362656236,-14.182512548,3.291114228
9.727000,0.800000,121.212121,3.286287139,-4.469767599,-14.196295052,3.286287139
9.728000,0.800000,121.212121,3.294633011,-4.500587099,-14.208345596,3.294633011
9.729000,0.800000,121.212121,3.301930110,-4.527533705,-14.281713676,3.301930110
9.730000,0.800000,121.212121,3.307605411,-4.752293687,-14.582549181,3.307605411
9.731000,0.800000,121.212121,3.325838721,-4.747609911,-14.546061599,3.325838721
9.732000,0.800000,121.212121,3.341780765,-4.680682862,-14.451327329,3.341780765
9.733000,0.800000,121.212121,3.343153102,-4.622166115,-14.556993277,3.343153102
9.734000,0.800000,121.212121,3.338069801,-4.571002798,-14.712212704,3.338069801
9.735000,0.800000,121.212121,3.311679298,-4.730588072,-14.840922634,3.311679298
9.736000,0.800000,121.212121,3.310551112,-4.728631904,-14.709135033,3.310551112
9.737000,0.800000,121.212121,3.309564697,-4.726921555,-14.782403910,3.309564697
9.738000,0.800000,121.212121,3.308702240,-4.599762429,-14.657969989,3.308702240
9.739000,0.800000,121.212121,3.301664976,-4.677078149,-14.737668455,3.301664976
9.740000,0.800000,121.212121,3.289342739,-4.913655510,-14.915318807,3.289342739
9.741000,0.800000,121.212121,3.284738262,-4.951526262,-15.025509720,3.284738262
9.742000,0.800000,121.212121,3.280712401,-4.858974329,-15.121853635,3.280712401
9.743000,0.800000,121.212121,3.264626074,-4.778052815,-15.080426910,3.264626074
9.744000,0.800000,121.212121,3.269410770,-4.644468345,-15.169869726,3.269410770
9.745000,0.800000,121.212121,3.289028733,-4.307782060,-15.371384806,3.289028733
9.746000,0.800000,121.212121,3.284463716,-4.044797997,-15.487096629,3.284463716
9.747000,0.800000,121.212121,3.286755540,-4.003357046,-15.462603968,3.286755540
9.748000,0.800000,121.212121,3.286755540,-4.003357046,-15.462603968,3.286755540
9.749000,0.800000,121.212121,3.302288185,-4.170979649,-15.477401560,3.302288185
9.750000,0.800000,121.212121,3.314162333,-4.236289234,-15.606481808,3.314162333
9.751000,0.800000,121.212121,3.312722119,-4.045121077,-15.755482323,3.312722119
9.752000,0.800000,121.212121,3.311462888,-4.066471379,-15.634431469,3.311462888
9.753000,0.800000,121.212121,3.310361896,-4.147970576,-15.528592313,3.310361896
9.754000,0.800000,121.212121,3.309399260,-3.967900869,-15.436053298,3.309399260
9.755000,0.800000,121.212121,3.307821690,-3.971170488,-15.221568485,3.307821690
9.756000,0.800000,121.212121,3.300895080,-3.876149989,-15.041947516,3.300895080
9.757000,0.800000,121.212121,3.294838893,-3.981565677,-15.073393943,3.294838893
9.758000,0.800000,121.212121,3.295826934,-4.010902586,-15.163720548,3.295826934
9.759000,0.800000,121.212121,3.290407630,-4.036552910,-15.179864525,3.290407630
9.760000,0.800000,121.212121,3.270539237,-3.843052623,-15.143489424,3.270539237
9.761000,0.800000,121.212121,3.274580864,-3.764131889,-15.162175719,3.274580864
9.762000,0.800000,121.212121,3.290680975,-3.632296775,-15.241345677,3.290680975
9.763000,0.800000,121.212121,3.292191515,-3.328532990,-15.310566845,3.292191515
9.764000,0.800000,121.212121,3.287229051,-3.314268700,-15.308257572,3.287229051
9.765000,0.800000,121.212121,3.285379748,-3.416556086,-15.438032523,3.285379748
9.766000,0.800000,121.212121,3.293839646,-3.454062341,-15.545369147,3.293839646
9.767000,0.800000,121.212121,3.288670071,-3.549687274,-15.513553746,3.288670071
9.768000,0.800000,121.212121,3.277866939,-3.633295624,-15.485736386,3.277866939
9.769000,0.800000,121.212121,3.274704553,-3.769229291,-15.398582806,3.274704553
9.770000,0.800000,121.212121,3.269522036,-3.937061250,-15.255755497,3.269522036
9.771000,0.800000,121.212121,3.267408302,-4.034822603,-15.260334020,3.267408302
9.772000,0.800000,121.212121,3.284409744,-3.868971491,-15.201505337,3.284409744
9.773000,0.800000,121.212121,3.299274721,-3.723961843,-15.212901137,3.299274721
9.774000,0.800000,121.212121,3.312271711,-3.660006498,-15.348528604,3.312271711
9.775000,0.800000,121.212121,3.332781612,-3.602236950,-15.445131226,3.332781612
9.776000,0.800000,121.212121,3.322718445,-3.490746153,-15.551575800,3.322718445
9.777000,0.800000,121.212121,3.332769409,-3.393265703,-15.518980448,3.332769409
9.778000,0.800000,121.212121,3.328990961,-3.433698714,-15.490481148,3.328990961
9.779000,0.800000,121.212121,3.325687327,-3.469050763,-15.591226883,3.325687327
9.780000,0.800000,121.212121,3.331260565,-3.526985710,-15.520792973,3.331260565
9.781000,0.800000,121.212121,3.333954909,-3.550614969,-15.429234052,3.333954909
9.782000,0.800000,121.212121,3.342593858,-3.634106741,-15.537676323,3.342593858
9.783000,0.800000,121.212121,3.356430389,-3.644274775,-15.569659484,3.356430389
9.784000,0.800000,121.212121,3.349678615,-3.653165055,-15.597623523,3.349678615
9.785000,0.800000,121.212121,3.350390608,-3.903270495,-15.643450996,3.350390608
9.786000,0.800000,121.212121,3.363247371,-3.942446267,-15.662142119,3.363247371
9.787000,0.800000,121.212121,3.387054876,-4.039530919,-15.804148153,3.387054876
9.788000,0.800000,121.212121,3.395304271,-4.124415554,-16.053972888,3.395304271
9.789000,0.800000,121.212121,3.389950646,-4.198633271,-16.083908162,3.389950646
9.790000,0.800000,121.212121,3.392953926,-4.029789069,-15.897430052,3.392953926
9.791000,0.800000,121.212121,3.394178839,-4.053066048,-15.947037079,3.394178839
9.792000,0.800000,121.212121,3.388966640,-4.010586102,-15.990410303,3.388966640
9.793000,0.800000,121.212121,3.384409425,-4.099108050,-15.965501234,3.384409425
9.794000,0.800000,121.212121,3.374141702,-4.239337855,-15.880890478,3.374141702
9.795000,0.800000,121.212121,3.374585373,-4.414210325,-15.734334667,3.374585373
9.796000,0.800000,121.212121,3.365552176,-4.389179504,-15.804436864,3.365552176
9.797000,0.800000,121.212121,3.363937309,-4.304462296,-15.865729760,3.363937309
9.798000,0.800000,121.212121,3.349959002,-4.167559113,-15.982152216,3.349959002
9.799000,0.800000,121.212121,3.333334535,-4.296506210,-16.165049683,3.333334535
9.800000,0.800000,121.212121,3.361449752,-4.096713720,-16.132164012,3.361449752
9.801000,0.800000,121.212121,3.360350411,-4.174412552,-16.026609793,3.360350411
9.802000,0.800000,121.212121,3.359389218,-4.305179314,-15.808656203,3.359389218
9.803000,0.800000,121.212121,3.371115182,-4.231017881,-15.932250734,3.371115182
9.804000,0.800000,121.212121,3.362518062,-4.103343996,-16.291641331,3.362518062
9.805000,0.800000,121.212121,3.348429100,-4.011880023,-16.221043080,3.348429100
9.806000,0.800000,121.212121,3.348965983,-4.100239372,-16.229983694,3.348965983
9.807000,0.800000,121.212121,3.355718584,-4.051831451,-16.300632651,3.355718584
9.808000,0.800000,121.212121,3.367905814,-4.135170356,-16.362403599,3.367905814
9.809000,0.800000,121.212121,3.378561551,-4.208036585,-16.290748474,3.378561551
9.810000,0.800000,121.212121,3.371681003,-4.256722242,-16.228256206,3.371681003
9.811000,0.800000,121.212121,3.375579151,-4.314313810,-16.110626687,3.375579151
9.812000,0.800000,121.212121,3.360137887,-4.615995621,-16.007778928,3.360137887
9.813000,0.800000,121.212121,3.346637029,-4.502775859,-16.043519107,3.346637029
9.814000,0.800000,121.212121,3.353682295,-4.403783712,-16.200431748,3.353682295
9.815000,0.800000,121.212121,3.352661709,-4.477091401,-16.167108008,3.352661709
9.816000,0.800000,121.212121,3.352666706,-4.569822418,-16.245658157,3.352666706
9.817000,0.800000,121.212121,3.358954261,-4.588068657,-16.314337403,3.358954261
9.818000,0.800000,121.212121,3.364451698,-4.604022007,-16.374386160,3.364451698
9.819000,0.800000,121.212121,3.373460900,-4.692998214,-16.237258034,3.373460900
9.820000,0.800000,121.212121,3.377135379,-4.695765727,-16.306992870,3.377135379
9.821000,0.800000,121.212121,3.380348109,-4.886681023,-16.430796422,3.380348109
9.822000,0.800000,121.212121,3.389440302,-5.053605195,-16.476210507,3.389440302
9.823000,0.800000,121.212121,3.384823565,-5.073889351,-16.515917690,3.384823565
9.824000,0.800000,121.212121,3.370974470,-5.154171517,-16.353349470,3.370974470
9.825000,0.800000,121.212121,3.383665455,-5.056581396,-16.256430161,3.383665455
9.826000,0.800000,121.212121,3.379774407,-4.950827846,-16.260923904,3.379774407
9.827000,0.800000,121.212121,3.376372322,-4.732699972,-16.264852947,3.376372322
9.828000,0.800000,121.212121,3.372376121,-4.673599857,-16.514723591,3.372376121
9.829000,0.800000,121.212121,3.372376121,-4.673599857,-16.514723591,3.372376121
9.830000,0.800000,121.212121,3.391295638,-4.549796729,-16.635013156,3.391295638
9.831000,0.800000,121.212121,3.399012123,-4.507727618,-16.466269050,3.399012123
9.832000,0.800000,121.212121,3.405758926,-4.408113215,-16.381561807,3.405758926
9.833000,0.800000,121.212121,3.417941086,-4.321016726,-16.370331044,3.417941086
9.834000,0.800000,121.212121,3.409742835,-4.244865105,-16.234847874,3.409742835
9.835000,0.800000,121.212121,3.408873910,-4.065131640,-16.428953941,3.408873910
9.836000,0.800000,121.212121,3.414381444,-4.272462900,-16.600263266,3.414381444
9.837000,0.800000,121.212121,3.400347326,-4.516571998,-16.750045226,3.400347326
9.838000,0.800000,121.212121,3.388076786,-4.604341736,-16.818173176,3.388076786
9.839000,0.800000,121.212121,3.371065023,-4.429754591,-16.752076210,3.371065023
9.840000,0.800000,121.212121,3.379306117,-4.394968547,-16.761524508,3.379306117
9.841000,0.800000,121.212121,3.366756580,-4.525288695,-16.713811221,3.366756580
9.842000,0.800000,121.212121,3.371273548,-4.611963061,-16.786492471,3.371273548
9.843000,0.800000,121.212121,3.381506084,-4.687745604,-16.912872179,3.381506084
9.844000,0.800000,121.212121,3.391991980,-4.623442496,-16.994319569,3.391991980
9.845000,0.800000,121.212121,3.405904145,-4.634950638,-16.780423688,3.405904145
9.846000,0.800000,121.212121,3.411784871,-4.645012625,-16.719070462,3.411784871
9.847000,0.800000,121.212121,3.416926604,-4.528146478,-16.539763404,3.416926604
9.848000,0.800000,121.212121,3.446060021,-4.299642246,-16.637275463,3.446060021
9.849000,0.800000,121.212121,3.440611426,-4.351840328,-16.468247068,3.440611426
9.850000,0.800000,121.212121,3.454697077,-4.460310858,-16.194795701,3.454697077
9.851000,0.800000,121.212121,3.466003843,-4.536095734,-16.037135748,3.466003843
9.852000,0.800000,121.212121,3.451765848,-4.558580194,-16.006354986,3.451765848
9.853000,0.800000,121.212121,3.445600237,-4.515407321,-15.979442249,3.445600237
9.854000,0.800000,121.212121,3.452775791,-4.477659710,-15.893079614,3.452775791
9.855000,0.800000,121.212121,3.451968719,-4.462839403,-15.877212211,3.451968719
9.856000,0.800000,121.212121,3.464627170,-4.431697672,-15.992191740,3.464627170
9.857000,0.800000,121.212121,3.481978099,-4.404469326,-16.155554368,3.481978099
9.858000,0.800000,121.212121,3.497148646,-4.254998889,-16.172724537,3.497148646
9.859000,0.800000,121.212121,3.504129621,-4.124311461,-16.124905186,3.504129621
9.860000,0.800000,121.212121,3.497666970,-4.135710406,-16.208758698,3.497666970
9.861000,0.800000,121.212121,3.499642346,-4.460654581,-16.173473661,3.499642346
9.862000,0.800000,121.212121,3.500026767,-4.492619256,-16.251223879,3.500026767
9.863000,0.800000,121.212121,3.494079696,-4.457735278,-16.444867421,3.494079696
9.864000,0.800000,121.212121,3.495163141,-4.364403097,-16.551345146,3.495163141
9.865000,0.800000,121.212121,3.496938691,-4.274282149,-16.608072845,3.496938691
9.866000,0.800000,121.212121,3.491379678,-4.204003368,-16.631209718,3.491379678
9.867000,0.800000,121.212121,3.480236047,-4.079724226,-16.839934685,3.480236047
9.868000,0.800000,121.212121,3.476775951,-4.222389874,-16.896766793,3.476775951
9.869000,0.800000,121.212121,3.467467478,-4.284295775,-16.757961608,3.467467478
9.870000,0.800000,121.212121,3.471895113,-4.401254204,-16.636599198,3.471895113
9.871000,0.800000,121.212121,3.472867936,-4.537989537,-16.618310325,3.472867936
9.872000,0.800000,121.212121,3.464050559,-4.623067868,-16.702992571,3.464050559
9.873000,0.800000,121.212121,3.462624391,-4.634623087,-16.651369627,3.462624391
9.874000,0.800000,121.212121,3.467660626,-4.644726235,-16.606233813,3.467660626
9.875000,0.800000,121.212121,3.478347175,-4.527896077,-16.692433638,3.478347175
9.876000,0.800000,121.212121,3.477800305,-4.226562447,-16.598161889,3.477800305
9.877000,0.800000,121.212121,3.480929479,-4.413607713,-16.685376063,3.480929479
9.878000,0.800000,121.212121,3.483665429,-4.388652619,-16.887294286,3.483665429
9.879000,0.800000,121.212121,3.467208013,-4.241169768,-16.812511305,3.467208013
9.880000,0.800000,121.212121,3.465385068,-4.237883864,-16.998453243,3.465385068
9.881000,0.800000,121.212121,3.491444846,-4.232498925,-17.004807038,3.491444846
9.882000,0.800000,121.212121,3.486576211,-4.230302632,-17.040920675,3.486576211
9.883000,0.800000,121.212121,3.488602572,-4.291214187,-16.946832433,3.488602572
9.884000,0.800000,121.212121,3.496657478,-4.281639517,-16.927399520,3.496657478
9.885000,0.800000,121.212121,3.491133804,-4.210436182,-16.973240473,3.491133804
9.886000,0.800000,121.212121,3.487575222,-4.274348014,-16.930596615,3.487575222
9.887000,0.800000,121.212121,3.495759229,-4.329724663,-17.101699515,3.495759229
9.888000,0.800000,121.212121,3.502914803,-4.378142476,-17.188469137,3.502914803
9.889000,0.800000,121.212121,3.509171180,-4.357644075,-17.138671261,3.509171180
9.890000,0.800000,121.212121,3.527207729,-4.339721579,-17.095131171,3.527207729
9.891000,0.800000,121.212121,3.539495611,-4.192582165,-17.259313705,3.539495611
9.892000,0.800000,121.212121,3.547438294,-4.195401960,-17.200613238,3.547438294
9.893000,0.800000,121.212121,3.548099685,-4.135035556,-17.086457436,3.548099685
9.894000,0.800000,121.212121,3.542394778,-4.207918724,-17.049478729,3.542394778
9.895000,0.800000,121.212121,3.543689956,-4.208811270,-17.017146902,3.543689956
9.896000,0.800000,121.212121,3.539529309,-4.335937681,-16.909225328,3.539529309
9.897000,0.800000,121.212121,3.534901387,-4.446406597,-16.831686411,3.534901387
9.898000,0.800000,121.212121,3.527317147,-4.391907038,-16.594743275,3.527317147
9.899000,0.800000,121.212121,3.530507036,-4.369678931,-16.556723338,3.530507036
9.900000,0.800000,121.212121,3.531030578,-4.443123843,-16.667120448,3.531030578
9.901000,0.800000,121.212121,3.546320194,-4.540123348,-16.871332740,3.546320194
9.902000,0.800000,121.212121,3.547122090,-4.436437977,-17.049882958,3.547122090
9.903000,0.800000,121.212121,3.535256846,-4.408613947,-17.080332188,3.535256846
9.904000,0.800000,121.212121,3.524882632,-4.509950094,-17.232618761,3.524882632
9.905000,0.800000,121.212121,3.532224541,-4.314820045,-17.168026769,3.532224541
9.906000,0.800000,121.212121,3.541080934,-4.302278975,-17.057965904,3.541080934
9.907000,0.800000,121.212121,3.542541214,-4.354145715,-17.150231254,3.542541214
9.908000,0.800000,121.212121,3.531251620,-4.399494689,-17.105238492,3.531251620
9.909000,0.800000,121.212121,3.540230274,-4.501976796,-17.128731540,3.540230274
9.910000,0.800000,121.212121,3.553365357,-4.724860667,-17.104400101,3.553365357
9.911000,0.800000,121.212121,3.546998746,-4.597960520,-17.002334798,3.546998746
9.912000,0.800000,121.212121,3.547715372,-4.424175262,-16.975927253,3.547715372
9.913000,0.800000,121.212121,3.554625130,-4.397892210,-17.015670031,3.554625130
9.914000,0.800000,121.212121,3.548100211,-4.374911984,-16.987586731,3.548100211
9.915000,0.800000,121.212121,3.536617604,-4.211588278,-16.949459496,3.536617604
9.916000,0.800000,121.212121,3.526072393,-4.212019694,-17.118192016,3.526072393
9.917000,0.800000,121.212121,3.516852331,-4.212396897,-17.328552836,3.516852331
9.918000,0.800000,121.212121,3.508790897,-4.024231140,-17.386815229,3.508790897
9.919000,0.800000,121.212121,3.508025678,-4.048206549,-17.500588007,3.508025678
9.920000,0.800000,121.212121,3.488711649,-4.197369794,-17.569270842,3.488711649
9.921000,0.800000,121.212121,3.490469663,-4.199587958,-17.534451865,3.490469663
9.922000,0.800000,121.212121,3.492006758,-4.390022938,-17.629672077,3.492006758
9.923000,0.800000,121.212121,3.470178068,-4.012348267,-17.642277617,3.470178068
9.924000,0.800000,121.212121,3.470178068,-4.012348267,-17.642277617,3.470178068
9.925000,0.800000,121.212121,3.472344886,-3.832444729,-17.740419294,3.472344886
9.926000,0.800000,121.212121,3.476159608,-3.817688876,-17.684093169,3.476159608
9.927000,0.800000,121.212121,3.466928587,-3.804787298,-17.634845193,3.466928587
9.928000,0.800000,121.212121,3.476933528,-3.838580359,-17.554137598,3.476933528
9.929000,0.800000,121.212121,3.476933528,-3.838580359,-17.554137598,3.476933528
9.930000,0.800000,121.212121,3.470436438,-3.801582082,-17.727975597,3.470436438
9.931000,0.800000,121.212121,3.487057353,-3.727872691,-17.736045046,3.487057353
9.932000,0.800000,121.212121,3.495306437,-3.537762188,-17.743100458,3.495306437
9.933000,0.800000,121.212121,3.514318655,-3.524576948,-17.770454236,3.514318655
9.934000,0.800000,121.212121,3.514318655,-3.524576948,-17.770454236,3.514318655
9.935000,0.800000,121.212121,3.499805588,-3.514497307,-17.822614332,3.499805588
9.936000,0.800000,121.212121,3.493886311,-3.539695905,-17.693127421,3.493886311
9.937000,0.800000,121.212121,3.501277243,-3.813055367,-17.642744167,3.501277243
9.938000,0.800000,121.212121,3.507895886,-3.782069146,-17.560176079,3.507895886
9.939000,0.800000,121.212121,3.507895886,-3.782069146,-17.560176079,3.507895886
9.940000,0.800000,121.212121,3.530226020,-3.640613274,-17.559887606,3.530226020
9.941000,0.800000,121.212121,3.526767184,-3.712795526,-17.651911467,3.526767184
9.942000,0.800000,121.212121,3.530026183,-3.964402647,-17.669539417,3.530026183
9.943000,0.800000,121.212121,3.517307045,-3.834936834,-17.698428104,3.517307045
9.944000,0.800000,121.212121,3.517307045,-3.834936834,-17.698428104,3.517307045
9.945000,0.800000,121.212121,3.508373290,-3.688924399,-17.665576295,3.508373290
9.946000,0.800000,121.212121,3.501377363,-3.817867549,-17.618655219,3.501377363
9.947000,0.800000,121.212121,3.495260571,-3.930607225,-17.577630418,3.495260571
9.948000,0.800000,121.212121,3.520591242,-3.907151340,-17.545809900,3.520591242
9.949000,0.800000,121.212121,3.518343148,-3.757343871,-17.702434672,3.518343148
9.950000,0.800000,121.212121,3.528943928,-3.626361764,-17.650881835,3.528943928
9.951000,0.800000,121.212121,3.538212575,-3.700334913,-17.605807318,3.538212575
9.952000,0.800000,121.212121,3.529848431,-3.868602614,-17.477003020,3.529848431
9.953000,0.800000,121.212121,3.520153859,-3.974966733,-17.390946907,3.520153859
9.954000,0.800000,121.212121,3.511677543,-4.067964743,-17.315704924,3.511677543
9.955000,0.800000,121.212121,3.516832762,-4.086444425,-17.501245540,3.516832762
9.956000,0.800000,121.212121,3.515056972,-4.102601882,-17.600638581,3.515056972
9.957000,0.800000,121.212121,3.518429993,-4.129080726,-17.465156023,3.518429993
9.958000,0.800000,121.212121,3.516453489,-4.265544054,-17.317756795,3.516453489
9.959000,0.800000,121.212121,3.514725360,-4.636186306,-17.126048446,3.514725360
9.960000,0.800000,121.212121,3.513214395,-4.646093013,-17.021262733,3.513214395
9.961000,0.800000,121.212121,3.518176488,-4.466259248,-17.118140339,3.518176488
9.962000,0.800000,121.212121,3.531801984,-4.289315652,-17.276903385,3.531801984
9.963000,0.800000,121.212121,3.534428292,-4.279979559,-17.278824387,3.534428292
9.964000,0.800000,121.212121,3.530441382,-4.397480379,-17.531831400,3.530441382
9.965000,0.800000,121.212121,3.526955483,-4.374551905,-17.627380909,3.526955483
9.966000,0.800000,121.212121,3.530190820,-4.228841002,-17.648091459,3.530190820
9.967000,0.800000,121.212121,3.511939286,-4.469017712,-17.736968083,3.511939286
9.968000,0.800000,121.212121,3.510778429,-4.437099592,-17.743907503,3.510778429
9.969000,0.800000,121.212121,3.516046635,-4.409192421,-17.812806743,3.516046635
9.970000,0.800000,121.212121,3.520652818,-4.384792168,-17.810215995,3.520652818
9.971000,0.800000,121.212121,3.530963356,-4.363458142,-17.682287105,3.530963356
9.972000,0.800000,121.212121,3.525096233,-4.571927663,-17.551260427,3.525096233
9.973000,0.800000,121.212121,3.538263871,-4.398640864,-17.726226265,3.538263871
9.974000,0.800000,121.212121,3.527511784,-4.375566559,-17.671683688,3.527511784
9.975000,0.800000,121.212121,3.536960399,-4.292560004,-17.686826987,3.536960399
9.976000,0.800000,121.212121,3.545221667,-4.157152507,-17.637235470,3.545221667
9.977000,0.800000,121.212121,3.552477048,-4.351382589,-17.438196856,3.552477048
9.978000,0.800000,121.212121,3.552505251,-4.459910640,-17.419849122,3.552505251
9.979000,0.800000,121.212121,3.558813095,-4.617632507,-17.340975180,3.558813095
9.980000,0.800000,121.212121,3.551761901,-4.567038901,-17.272012829,3.551761901
9.981000,0.800000,121.212121,3.558163157,-4.585634928,-17.148884690,3.558163157
9.982000,0.800000,121.212121,3.551383117,-4.608214418,-17.245470164,3.551383117
9.983000,0.800000,121.212121,3.545265602,-4.495972471,-17.439836740,3.545265602
9.984000,0.800000,121.212121,3.546200021,-4.397835262,-17.546946638,3.546200021
9.985000,0.800000,121.212121,3.547017018,-4.374862192,-17.640596710,3.547017018
9.986000,0.800000,121.212121,3.541448163,-4.354776004,-17.533982807,3.541448163
9.987000,0.800000,121.212121,3.544888292,-4.376794922,-17.712567985,3.544888292
9.988000,0.800000,121.212121,3.539586941,-4.356465859,-17.722573612,3.539586941
9.989000,0.800000,121.212121,3.534951777,-4.087364010,-17.605658188,3.534951777
9.990000,0.800000,121.212121,3.524615899,-3.977742202,-17.629098496,3.524615899
9.991000,0.800000,121.212121,3.528145237,-3.881895877,-17.712425061,3.528145237
9.992000,0.800000,121.212121,3.534718685,-3.850486602,-17.794044487,3.534718685
9.993000,0.800000,121.212121,3.543261654,-3.896295393,-17.730979621,3.543261654
9.994000,0.800000,121.212121,3.531881527,-3.747852123,-17.801503426,3.531881527
9.995000,0.800000,121.212121,3.515648283,-3.618062784,-17.737501242,3.515648283
9.996000,0.800000,121.212121,3.507738154,-3.755910667,-17.681541810,3.507738154
9.997000,0.800000,121.212121,3.483204728,-3.403846820,-17.220830855,3.483204728
9.998000,0.800000,121.212121,3.485654762,-3.631445728,-17.229798139,3.485654762
9.999000,0.800000,121.212121,3.466116273,-3.768898829,-17.063893849,3.466116273
